$data = [
  [-1,1,1,1,-1,-1,-1,-1,-1,1,1,-1,1,-1,1,-1,-1,-1,0,1,1,1,1,-1,-1,-1,-1,1,1,-1,-1],
[1,1,1,1,1,-1,0,1,-1,1,1,-1,1,0,-1,-1,1,1,0,1,1,1,1,-1,-1,0,-1,1,1,1,-1],
[1,0,1,1,1,-1,-1,-1,-1,1,1,-1,1,0,-1,-1,-1,-1,0,1,1,1,1,1,-1,1,-1,1,0,-1,-1],
[1,0,1,1,1,-1,-1,-1,1,1,1,-1,-1,0,0,-1,1,1,0,1,1,1,1,-1,-1,1,-1,1,-1,1,-1],
[1,0,-1,1,1,-1,1,1,-1,1,1,1,1,0,0,-1,1,1,0,-1,1,-1,1,-1,-1,0,-1,1,1,1,1],
[-1,0,-1,1,-1,-1,1,1,-1,1,1,-1,1,0,0,-1,-1,-1,0,1,1,1,1,1,1,1,-1,1,-1,-1,1],
[1,0,-1,1,1,-1,-1,-1,1,1,1,1,-1,-1,0,-1,-1,-1,0,1,1,1,1,1,-1,-1,-1,1,0,-1,-1],
[1,0,1,1,1,-1,-1,-1,1,1,1,-1,-1,0,-1,-1,1,1,0,1,1,1,1,-1,-1,0,-1,1,0,1,-1],
[1,0,-1,1,1,-1,1,1,-1,1,1,-1,1,0,1,-1,1,1,0,1,1,1,1,1,-1,1,1,1,0,1,1],
[1,1,-1,1,1,-1,-1,1,-1,1,1,1,1,0,1,-1,1,1,0,1,1,1,1,1,-1,0,-1,1,0,1,-1],
[1,1,1,1,1,-1,0,1,1,1,1,1,-1,0,0,-1,-1,-1,0,1,1,1,1,-1,1,1,1,1,-1,-1,1],
[1,1,-1,1,1,-1,1,-1,-1,1,1,1,1,-1,-1,-1,-1,-1,0,1,1,1,1,-1,-1,-1,-1,1,0,-1,-1],
[-1,1,-1,1,-1,-1,0,0,1,1,1,-1,-1,-1,1,-1,1,1,0,-1,1,-1,1,1,-1,-1,-1,1,0,1,-1],
[1,1,-1,1,1,-1,0,-1,1,1,1,1,-1,-1,-1,-1,1,1,0,1,1,1,1,-1,-1,0,-1,1,1,1,-1],
[1,1,-1,1,1,1,-1,1,-1,1,1,-1,1,0,1,1,1,1,0,1,1,1,1,1,-1,1,-1,1,-1,1,1],
[1,-1,-1,-1,1,-1,0,0,1,1,1,1,-1,-1,0,-1,1,1,0,1,1,1,1,1,-1,-1,-1,1,0,1,-1],
[1,-1,-1,1,1,-1,1,1,-1,1,1,-1,1,0,-1,-1,-1,-1,0,1,1,1,1,1,-1,0,-1,1,1,-1,-1],
[1,-1,1,1,1,-1,-1,0,1,1,-1,1,1,0,-1,-1,-1,-1,0,1,1,1,1,-1,1,1,-1,1,1,-1,-1],
[1,1,1,1,1,-1,-1,1,1,1,1,-1,-1,0,-1,-1,-1,-1,0,1,1,1,1,1,-1,-1,1,1,-1,-1,1],
[1,1,1,1,1,-1,-1,1,-1,1,1,1,1,0,0,-1,-1,-1,0,-1,-1,-1,-1,1,-1,0,-1,1,0,-1,1],
[1,0,-1,1,1,-1,0,1,-1,1,1,1,1,0,0,-1,-1,-1,0,-1,1,-1,1,-1,1,1,-1,1,-1,-1,1],
[1,0,1,1,1,-1,0,1,1,1,1,-1,-1,0,-1,-1,-1,-1,0,1,1,1,1,-1,1,-1,-1,1,0,-1,1],
[1,1,1,1,1,-1,-1,-1,-1,1,1,-1,1,0,0,-1,1,1,0,1,1,1,1,1,1,0,-1,1,-1,1,1],
[1,1,1,1,1,-1,1,0,-1,1,1,1,1,0,0,-1,1,1,0,1,1,1,1,1,1,1,-1,1,-1,1,1],
[1,-1,-1,-1,1,-1,1,1,-1,1,1,-1,-1,0,0,-1,1,1,0,1,1,1,1,1,1,-1,-1,1,0,1,1],
[1,-1,1,1,1,-1,0,1,-1,1,1,1,1,1,0,-1,1,1,0,1,1,1,1,-1,1,1,-1,1,0,1,1],
[1,-1,1,1,1,-1,0,-1,1,1,1,-1,-1,-1,-1,-1,-1,-1,0,1,1,1,1,1,1,0,-1,1,-1,-1,-1],
[1,-1,-1,1,1,1,-1,1,1,1,1,1,-1,1,0,-1,-1,-1,0,1,1,1,1,1,-1,0,-1,1,0,-1,1],
[1,-1,-1,1,-1,1,-1,1,-1,1,1,1,1,1,0,-1,1,1,1,1,1,1,1,-1,-1,1,-1,1,-1,1,1],
[1,-1,1,1,1,-1,-1,1,-1,1,1,1,1,1,0,-1,1,1,0,1,1,1,1,-1,1,1,1,1,0,1,1],
[1,-1,1,1,1,-1,-1,1,-1,1,1,-1,1,0,1,-1,1,1,0,1,1,1,1,-1,-1,-1,-1,1,0,1,1],
[1,-1,1,1,1,-1,-1,1,-1,-1,1,-1,1,0,-1,-1,-1,-1,0,-1,1,-1,-1,1,-1,1,1,1,0,-1,1],
[1,-1,1,1,1,1,1,1,-1,1,1,1,1,1,1,1,-1,-1,0,1,1,1,1,1,1,-1,-1,1,-1,-1,1],
[1,0,1,1,1,-1,-1,1,-1,1,1,1,1,0,1,-1,-1,-1,0,1,1,1,1,1,1,1,-1,1,0,-1,1],
[1,0,1,1,1,-1,0,0,1,1,1,1,-1,-1,-1,-1,-1,-1,0,1,1,1,1,1,-1,1,-1,1,1,-1,-1],
[1,0,1,1,1,-1,-1,-1,-1,1,1,-1,1,-1,0,-1,1,1,0,1,1,1,1,-1,-1,-1,-1,1,1,1,-1],
[1,0,1,1,1,-1,-1,1,-1,-1,1,-1,-1,-1,0,-1,1,1,0,-1,1,-1,-1,-1,-1,0,-1,1,0,1,-1],
[1,0,1,1,1,-1,-1,-1,1,-1,1,1,-1,-1,0,-1,1,1,0,-1,1,-1,1,-1,-1,0,-1,1,0,1,-1],
[1,1,1,1,1,1,-1,1,-1,1,1,1,1,1,-1,1,-1,-1,0,1,1,1,1,1,-1,1,-1,-1,1,-1,1],
[1,-1,1,1,1,-1,0,-1,-1,1,1,-1,-1,1,0,-1,1,1,0,1,1,1,1,-1,-1,1,-1,1,0,1,1],
[1,-1,1,1,1,1,1,1,-1,1,1,-1,1,1,0,-1,1,1,0,1,1,1,1,1,-1,1,-1,1,0,1,1],
[-1,-1,-1,1,-1,-1,1,1,-1,1,1,-1,1,0,-1,-1,1,1,1,1,1,1,1,1,-1,1,-1,-1,-1,1,1],
[1,-1,1,1,1,-1,-1,-1,1,-1,-1,1,-1,-1,-1,-1,-1,-1,0,-1,1,-1,1,-1,-1,1,-1,1,-1,-1,-1],
[1,-1,1,1,1,-1,0,0,1,-1,1,-1,-1,-1,0,-1,-1,-1,0,-1,1,-1,1,1,-1,-1,-1,1,0,-1,-1],
[1,-1,1,-1,1,-1,0,-1,-1,1,1,1,1,-1,1,-1,-1,-1,0,1,1,1,1,-1,1,1,-1,1,1,-1,-1],
[1,1,1,1,1,-1,0,1,-1,-1,1,1,1,0,-1,1,1,1,0,-1,1,-1,1,-1,1,1,-1,1,0,1,1],
[-1,1,-1,1,-1,1,-1,1,-1,1,1,-1,1,0,0,1,-1,-1,0,1,1,1,1,1,1,1,-1,1,1,-1,1],
[1,-1,1,1,1,-1,-1,-1,-1,1,1,-1,-1,0,-1,-1,1,1,0,1,1,1,1,-1,-1,1,-1,1,0,1,-1],
[1,-1,1,1,1,-1,-1,1,-1,1,1,1,1,-1,-1,-1,1,1,0,1,1,1,1,-1,-1,0,-1,1,0,1,-1],
[1,-1,1,1,1,-1,1,1,-1,1,1,1,1,0,1,-1,-1,-1,0,1,1,1,1,1,1,1,-1,-1,-1,-1,1],
[1,-1,1,1,1,-1,1,1,-1,1,1,-1,1,0,-1,-1,1,1,0,1,1,1,1,1,1,0,-1,1,0,1,-1],
[1,1,1,1,1,-1,1,1,-1,-1,1,1,1,0,0,1,1,1,0,-1,1,-1,-1,1,-1,0,-1,-1,0,1,1],
[-1,-1,-1,1,-1,1,-1,1,-1,1,1,-1,1,1,1,-1,-1,-1,0,1,1,1,1,1,-1,1,-1,-1,0,-1,1],
[1,-1,1,1,1,-1,1,-1,1,1,1,1,-1,0,0,-1,1,1,0,1,1,1,1,-1,1,1,-1,1,0,1,-1],
[1,-1,1,1,1,-1,0,-1,1,-1,-1,-1,-1,-1,0,-1,-1,-1,0,-1,1,-1,1,-1,-1,0,-1,1,0,-1,-1],
[1,-1,1,1,1,-1,0,0,-1,-1,-1,1,-1,-1,0,-1,-1,-1,0,-1,1,-1,1,1,-1,0,-1,1,0,-1,-1],
[-1,-1,-1,1,-1,1,1,1,1,1,1,-1,1,0,0,-1,1,1,0,1,1,1,1,1,1,1,-1,1,1,1,1],
[1,-1,1,1,1,-1,1,1,-1,-1,-1,1,1,0,1,-1,-1,-1,0,-1,1,-1,1,1,1,1,1,1,0,-1,1],
[1,-1,1,1,1,-1,-1,-1,-1,-1,-1,-1,1,0,0,-1,-1,-1,0,-1,1,-1,1,-1,-1,0,-1,1,0,-1,-1],
[-1,-1,-1,1,-1,-1,0,0,-1,-1,-1,-1,-1,-1,1,-1,-1,-1,0,-1,1,-1,1,1,-1,0,-1,1,-1,-1,-1],
[1,-1,1,1,1,-1,1,-1,1,1,1,1,1,0,-1,-1,1,1,0,1,1,1,1,-1,-1,0,-1,1,1,1,-1],
[1,-1,1,1,1,-1,1,-1,-1,1,1,-1,-1,0,-1,-1,1,1,0,1,1,1,1,1,-1,0,-1,1,0,1,-1],
[1,1,1,1,1,1,0,1,-1,1,1,1,1,0,0,1,-1,-1,0,1,1,1,1,-1,1,0,-1,1,0,-1,1],
[1,-1,1,1,1,-1,-1,1,-1,-1,1,1,-1,0,-1,-1,1,1,0,-1,1,-1,-1,-1,-1,1,-1,1,-1,1,-1],
[1,1,1,1,-1,1,1,1,-1,-1,1,1,1,1,1,1,1,1,1,-1,1,-1,1,1,-1,1,-1,1,0,1,1],
[1,-1,1,1,1,-1,0,1,1,1,1,1,-1,1,0,-1,-1,-1,0,1,1,1,1,-1,1,1,-1,1,0,-1,1],
[1,1,1,1,-1,-1,-1,-1,-1,-1,-1,1,1,-1,-1,1,-1,-1,1,-1,1,-1,1,-1,-1,1,-1,1,-1,-1,-1],
[1,-1,1,1,-1,-1,0,-1,1,1,1,1,-1,0,0,-1,1,1,0,1,1,1,1,1,-1,1,-1,1,0,1,-1],
[1,-1,1,1,1,1,-1,1,-1,1,1,-1,-1,1,-1,-1,-1,-1,0,1,1,1,1,1,1,0,-1,1,0,-1,1],
[1,-1,1,1,-1,-1,-1,-1,1,1,1,1,-1,-1,-1,-1,1,1,0,1,1,1,1,-1,-1,-1,-1,1,-1,1,-1],
[1,-1,1,1,1,-1,1,1,-1,1,1,1,1,1,0,-1,-1,-1,0,1,1,1,1,1,1,1,1,1,0,-1,1],
[-1,-1,-1,1,-1,-1,1,1,-1,1,1,-1,1,0,-1,-1,-1,-1,0,1,1,1,1,1,1,1,1,1,-1,-1,1],
[1,-1,1,1,1,-1,-1,-1,-1,1,1,1,1,0,-1,-1,-1,-1,0,1,1,1,1,-1,1,-1,-1,1,0,-1,-1],
[1,-1,1,1,-1,1,-1,1,-1,1,1,1,1,1,0,-1,1,1,0,1,1,1,1,1,1,1,-1,1,0,1,1],
[1,-1,1,1,-1,-1,0,0,-1,1,1,-1,-1,-1,1,-1,1,1,0,1,1,1,1,1,1,-1,-1,1,0,1,-1],
[1,-1,1,1,-1,-1,1,-1,1,1,1,-1,-1,0,-1,-1,1,1,1,1,1,1,1,-1,-1,1,-1,1,1,1,-1],
[1,-1,1,1,-1,1,0,1,1,-1,-1,-1,-1,0,1,-1,-1,-1,1,-1,1,-1,1,-1,1,1,1,1,0,-1,1],
[1,-1,1,1,-1,1,1,1,-1,-1,-1,1,1,1,-1,-1,-1,-1,1,-1,1,-1,1,1,-1,1,1,1,1,-1,1],
[1,-1,1,1,1,-1,-1,-1,-1,1,1,1,1,-1,0,-1,1,1,0,1,1,1,1,-1,-1,-1,-1,1,-1,1,-1],
[-1,-1,-1,1,-1,-1,-1,1,-1,1,1,-1,1,1,0,-1,-1,-1,1,1,1,1,1,-1,-1,1,-1,1,-1,-1,1],
[1,-1,1,1,-1,-1,0,-1,1,1,1,1,-1,-1,0,-1,1,1,0,1,1,1,1,-1,-1,-1,-1,1,0,1,-1],
[1,1,1,1,1,-1,0,1,-1,1,1,1,1,0,1,1,1,1,0,1,1,1,1,-1,-1,1,1,1,-1,1,1],
[1,-1,1,1,1,1,-1,1,-1,1,1,1,1,0,0,-1,1,1,0,1,1,1,1,-1,-1,1,-1,1,-1,1,1],
[1,1,1,-1,1,-1,1,1,-1,1,1,-1,1,0,1,1,1,1,0,1,1,1,1,1,-1,1,-1,1,-1,1,1],
[1,1,1,1,1,-1,1,1,-1,-1,1,-1,1,0,0,1,1,1,0,-1,1,-1,1,1,1,1,-1,1,-1,1,1],
[-1,-1,-1,1,1,-1,0,0,-1,1,1,-1,-1,-1,1,-1,-1,-1,0,1,1,1,1,1,-1,-1,-1,1,0,-1,-1],
[1,-1,1,1,-1,-1,1,-1,-1,-1,-1,-1,1,0,-1,-1,-1,-1,0,-1,1,-1,1,1,-1,0,-1,1,-1,-1,-1],
[1,1,1,1,-1,-1,-1,1,-1,-1,1,-1,1,0,1,1,1,1,0,-1,1,-1,1,1,1,1,-1,1,0,1,1],
[1,-1,1,1,1,1,1,1,-1,1,1,1,1,1,1,-1,1,1,0,1,1,1,1,1,1,1,-1,1,0,1,1],
[-1,1,-1,1,-1,-1,0,0,-1,1,1,-1,1,-1,0,1,1,1,0,1,1,1,1,1,-1,1,-1,1,-1,1,-1],
[1,-1,1,1,1,-1,1,-1,-1,1,1,-1,1,0,1,-1,1,1,0,1,1,1,1,1,1,0,-1,1,-1,1,-1],
[-1,-1,-1,1,-1,1,1,1,1,1,1,-1,-1,1,0,-1,-1,-1,0,1,1,1,1,1,1,1,1,1,1,-1,1],
[1,-1,1,1,1,-1,1,1,-1,1,1,-1,-1,1,0,-1,-1,-1,0,1,1,1,1,1,1,-1,-1,1,0,-1,1],
[1,-1,1,1,1,-1,-1,-1,-1,1,1,1,1,-1,0,-1,1,1,0,1,1,1,1,-1,1,-1,-1,1,0,1,-1],
[1,-1,1,1,1,-1,1,1,-1,1,1,1,1,0,1,-1,1,1,0,1,1,1,1,1,1,-1,1,1,-1,1,1],
[1,-1,1,1,1,-1,-1,-1,1,1,1,1,-1,-1,0,-1,1,1,0,1,1,1,1,-1,1,-1,-1,1,1,1,-1],
[1,-1,1,1,1,-1,1,1,-1,1,1,1,1,0,1,-1,1,1,0,1,1,1,1,1,-1,0,-1,1,-1,1,-1],
[1,1,1,1,1,-1,-1,-1,-1,1,1,-1,1,-1,-1,1,1,1,0,1,1,1,1,-1,-1,-1,-1,1,-1,1,-1],
[-1,-1,-1,1,-1,-1,-1,-1,-1,-1,1,-1,-1,-1,1,-1,-1,-1,1,-1,1,-1,1,-1,-1,0,-1,1,0,-1,-1],
[1,-1,1,1,1,-1,1,1,-1,1,1,-1,1,0,1,-1,1,1,0,1,1,1,1,1,1,1,-1,1,0,1,1],
[1,-1,1,1,1,-1,-1,-1,-1,1,1,-1,1,0,-1,-1,1,1,0,1,1,1,1,-1,-1,0,-1,1,0,1,-1],
[1,-1,1,1,1,-1,-1,-1,1,1,1,-1,-1,-1,-1,-1,1,1,0,1,1,1,1,1,-1,-1,-1,1,1,1,-1],
[1,-1,1,1,1,-1,0,1,1,1,1,1,-1,0,-1,-1,1,1,0,1,1,1,1,-1,-1,1,1,1,1,1,1],
[1,-1,1,1,1,-1,-1,-1,1,1,1,1,-1,-1,0,-1,1,1,0,1,1,1,1,-1,-1,-1,-1,1,1,1,-1],
[1,-1,1,1,1,-1,-1,1,-1,1,1,1,1,0,1,-1,-1,1,0,1,1,1,1,1,1,1,-1,1,-1,1,1],
[1,-1,1,1,1,-1,-1,-1,-1,1,1,1,-1,0,0,-1,1,1,0,1,1,1,1,-1,1,0,-1,-1,0,1,-1],
[1,-1,1,1,1,-1,-1,-1,-1,1,1,1,1,0,-1,-1,-1,1,0,1,1,1,1,1,-1,1,-1,1,-1,1,-1],
[1,-1,1,1,1,-1,1,-1,-1,1,1,1,-1,-1,0,-1,-1,1,0,1,1,1,1,-1,1,-1,-1,1,0,1,-1],
[1,-1,1,1,1,-1,0,1,-1,1,1,1,1,0,1,-1,-1,1,0,1,1,1,1,-1,1,1,-1,1,-1,1,1],
[1,-1,1,1,1,-1,-1,-1,1,1,1,1,-1,1,-1,-1,1,1,0,1,1,1,1,-1,1,-1,-1,1,1,1,-1],
[1,-1,1,1,1,-1,1,1,-1,1,1,-1,-1,1,1,-1,1,1,0,1,1,1,1,1,-1,1,-1,1,0,1,1],
[1,-1,1,1,1,-1,-1,-1,1,1,1,1,-1,0,0,-1,1,1,0,1,1,1,1,1,-1,1,-1,1,1,1,-1],
[1,-1,1,1,1,-1,1,1,-1,1,1,1,1,0,-1,-1,1,1,0,1,1,1,1,-1,1,0,-1,1,0,1,-1],
[1,-1,1,1,1,1,-1,1,-1,1,1,1,1,1,1,-1,1,1,0,1,1,1,1,1,1,1,-1,1,-1,1,1],
[1,1,1,1,1,-1,-1,1,-1,-1,1,1,1,0,1,1,1,-1,0,-1,1,-1,1,-1,-1,0,-1,1,-1,-1,-1],
[1,-1,1,1,1,-1,0,1,-1,-1,1,1,1,0,0,-1,-1,-1,0,-1,1,-1,1,-1,1,0,-1,1,-1,-1,1],
[-1,1,-1,1,-1,-1,1,-1,-1,1,1,-1,1,-1,1,1,1,-1,1,-1,1,-1,1,1,1,1,-1,1,0,-1,-1],
[1,-1,1,1,1,-1,0,0,1,1,1,1,-1,-1,-1,-1,1,1,0,1,1,1,1,1,1,1,-1,1,1,1,-1],
[1,-1,1,1,1,1,1,1,-1,1,1,1,-1,0,-1,-1,-1,1,0,1,1,1,1,1,1,0,-1,1,0,1,1],
[1,-1,1,1,1,-1,1,1,-1,-1,-1,1,1,1,-1,-1,-1,1,0,-1,1,-1,1,1,1,1,1,1,0,1,1],
[1,-1,1,1,1,-1,-1,-1,1,1,1,-1,-1,0,-1,-1,1,1,0,1,1,1,1,-1,1,0,-1,1,1,1,1],
[1,-1,1,1,1,1,0,1,-1,1,1,1,1,1,0,-1,1,1,0,1,1,1,1,-1,1,1,1,1,0,1,1],
[1,1,1,1,1,1,0,-1,-1,1,1,1,1,0,0,1,1,1,0,1,1,1,1,1,1,1,-1,1,-1,1,1],
[1,-1,1,1,1,-1,-1,1,-1,1,1,1,-1,0,-1,-1,-1,1,0,1,1,1,1,1,1,-1,-1,1,0,1,1],
[1,-1,1,1,1,-1,-1,-1,1,-1,1,1,-1,-1,1,-1,1,1,0,-1,1,-1,1,-1,-1,-1,-1,1,1,1,-1],
[1,1,1,1,1,-1,0,1,-1,-1,-1,1,1,0,-1,1,-1,1,0,-1,1,-1,-1,-1,-1,1,-1,1,-1,1,1],
[1,-1,1,1,1,-1,0,1,-1,1,1,1,1,0,1,-1,1,1,0,1,1,1,1,-1,1,1,-1,1,0,1,1],
[1,1,1,1,1,-1,1,1,-1,-1,1,1,1,0,0,1,1,1,0,-1,1,-1,1,1,-1,1,-1,1,-1,1,1],
[1,-1,1,1,1,1,0,-1,1,1,1,1,-1,0,-1,-1,1,1,0,1,1,1,1,1,1,-1,-1,1,1,1,1],
[1,-1,1,1,-1,-1,-1,1,-1,1,1,1,-1,0,-1,-1,1,1,1,1,1,1,1,-1,-1,1,-1,1,0,1,-1],
[1,-1,1,1,-1,-1,-1,0,1,1,1,1,-1,0,-1,-1,1,1,1,1,1,1,1,-1,-1,0,-1,1,1,1,-1],
[1,-1,1,1,1,-1,-1,1,1,1,1,-1,-1,1,1,-1,1,1,0,1,1,1,1,1,1,1,-1,1,1,1,1],
[1,-1,1,1,-1,-1,1,-1,-1,1,1,1,1,0,0,-1,-1,1,1,1,1,1,1,-1,-1,0,-1,1,0,1,-1],
[-1,-1,-1,1,1,-1,-1,1,1,1,1,-1,-1,0,-1,-1,-1,1,0,1,1,1,1,1,-1,1,-1,1,1,1,1],
[1,-1,1,1,1,-1,0,-1,1,1,1,1,-1,-1,-1,-1,1,1,0,1,1,1,1,-1,-1,-1,-1,1,1,1,-1],
[1,-1,1,1,-1,-1,1,1,-1,1,1,1,1,1,0,-1,1,1,1,1,1,1,1,1,1,1,1,1,-1,1,1],
[1,-1,1,1,1,-1,-1,-1,-1,1,1,1,1,0,-1,-1,1,1,0,1,1,1,1,-1,-1,1,-1,1,0,1,-1],
[-1,-1,-1,1,1,1,1,1,-1,1,1,-1,1,0,-1,-1,1,1,0,1,1,1,1,1,-1,1,-1,1,-1,1,1],
[1,-1,1,1,1,-1,0,0,1,1,1,1,-1,-1,-1,-1,-1,1,0,1,1,1,1,1,-1,-1,-1,1,1,1,-1],
[1,-1,1,1,-1,-1,-1,1,-1,1,1,-1,-1,0,-1,-1,1,1,1,1,1,1,1,-1,-1,1,-1,1,0,1,-1],
[1,-1,1,1,1,-1,-1,1,-1,1,1,1,1,0,0,-1,1,1,0,1,1,1,1,-1,-1,0,-1,1,-1,1,-1],
[1,1,1,-1,1,-1,0,0,-1,1,1,1,1,-1,0,1,1,1,0,1,1,1,1,1,-1,-1,-1,1,-1,1,-1],
[1,-1,1,1,1,-1,1,-1,-1,-1,1,1,1,0,0,-1,1,1,0,-1,1,-1,1,1,-1,0,-1,1,-1,1,-1],
[1,-1,1,1,1,-1,1,-1,1,1,1,1,-1,0,-1,-1,1,1,0,1,1,1,1,1,-1,0,-1,1,1,1,-1],
[1,1,1,1,1,-1,-1,-1,1,1,1,1,-1,-1,0,1,1,1,0,1,1,1,1,-1,-1,0,-1,1,1,1,-1],
[1,-1,1,1,1,-1,-1,1,1,1,1,1,1,0,-1,-1,-1,1,0,1,1,1,1,-1,-1,0,-1,1,1,1,-1],
[1,-1,1,1,1,-1,-1,-1,-1,1,1,1,1,-1,0,-1,-1,1,0,1,1,1,1,-1,-1,1,-1,1,-1,1,-1],
[1,-1,1,1,1,-1,0,1,1,1,1,1,-1,0,1,-1,-1,1,0,1,1,1,1,-1,-1,-1,-1,1,1,1,1],
[1,-1,1,1,1,-1,-1,1,-1,1,1,1,1,0,0,-1,-1,1,0,1,1,1,1,1,-1,1,-1,1,-1,1,1],
[1,1,1,1,1,-1,1,1,-1,1,1,1,1,0,-1,1,-1,1,0,1,1,1,1,1,-1,0,-1,1,0,1,1],
[-1,1,-1,1,-1,-1,-1,1,-1,1,1,-1,1,1,-1,1,1,1,1,1,1,1,1,1,-1,1,1,1,-1,1,1],
[1,-1,1,1,1,-1,1,1,-1,1,1,1,1,0,-1,-1,1,1,0,1,1,1,1,1,-1,1,-1,1,0,1,1],
[1,-1,1,1,1,-1,-1,1,-1,-1,1,-1,1,1,-1,-1,1,1,0,-1,1,-1,1,1,-1,1,-1,1,-1,1,1],
[1,-1,1,1,1,-1,-1,1,-1,1,1,1,1,-1,0,-1,1,1,0,1,1,1,1,1,1,1,-1,1,-1,1,1],
[1,-1,1,-1,1,-1,-1,-1,1,1,1,1,-1,-1,0,-1,1,1,0,1,1,1,1,1,-1,-1,-1,1,1,1,-1],
[1,-1,1,1,1,-1,1,1,-1,1,1,1,1,0,0,-1,1,1,0,1,1,1,1,1,1,0,-1,1,-1,1,1],
[-1,-1,-1,1,-1,-1,-1,-1,-1,-1,1,-1,1,-1,1,-1,1,1,1,-1,1,-1,1,-1,-1,1,-1,1,-1,1,-1],
[1,-1,1,1,1,-1,0,0,-1,1,1,1,1,-1,0,-1,1,1,0,1,1,1,1,1,-1,-1,-1,1,-1,1,-1],
[1,-1,1,1,1,-1,0,1,1,-1,1,1,-1,0,-1,-1,-1,1,0,-1,1,-1,1,-1,-1,1,-1,1,1,1,1],
[1,-1,1,1,1,-1,0,1,-1,1,1,1,1,0,-1,-1,1,1,0,1,1,1,1,-1,-1,1,-1,1,-1,1,1],
[1,-1,1,1,1,-1,1,1,-1,-1,1,1,1,0,-1,-1,1,1,0,-1,1,-1,1,1,-1,1,1,1,0,1,1],
[1,-1,1,1,1,-1,1,1,-1,1,1,-1,1,0,1,-1,1,1,0,1,1,1,1,1,1,0,-1,1,-1,1,1],
[-1,-1,-1,1,-1,-1,0,0,-1,1,1,-1,-1,-1,1,-1,1,1,1,-1,1,-1,1,1,-1,-1,-1,1,0,1,-1],
[1,1,1,1,1,1,-1,1,-1,1,1,-1,1,0,0,1,1,1,0,1,1,1,1,-1,1,1,1,1,-1,1,1],
[1,-1,1,1,1,-1,0,0,1,-1,1,-1,-1,-1,0,-1,1,1,0,-1,1,-1,1,1,1,-1,-1,1,1,1,-1],
[1,1,1,1,1,1,-1,1,-1,1,1,1,1,1,-1,1,1,1,0,1,1,1,1,-1,-1,1,1,1,-1,1,1],
[-1,-1,-1,1,-1,-1,-1,1,1,1,1,-1,-1,0,1,-1,1,1,1,1,1,1,1,1,-1,1,-1,1,1,1,1],
[1,-1,1,1,1,-1,1,1,-1,1,1,1,1,1,0,-1,1,1,0,1,1,1,1,1,1,1,-1,1,0,1,1],
[1,-1,1,1,1,-1,-1,1,1,1,1,1,-1,-1,-1,-1,1,1,0,1,1,1,1,-1,1,0,-1,-1,1,1,-1],
[1,-1,1,1,1,1,0,1,-1,1,1,1,1,0,0,-1,1,1,0,1,1,1,1,1,1,1,1,1,0,1,1],
[-1,-1,-1,1,-1,-1,0,0,-1,-1,1,-1,1,-1,1,-1,1,-1,0,-1,1,-1,1,1,-1,1,-1,1,0,-1,-1],
[1,-1,1,1,1,-1,1,1,-1,1,1,1,1,1,-1,-1,1,1,0,1,1,1,1,1,1,0,1,1,0,1,1],
[1,-1,1,1,1,-1,-1,1,1,1,1,1,-1,0,-1,-1,1,1,0,1,1,1,1,1,-1,1,-1,1,1,1,1],
[-1,-1,-1,1,-1,1,-1,1,-1,1,1,-1,-1,0,0,-1,1,-1,0,1,1,1,1,1,-1,1,-1,1,0,-1,1],
[1,-1,1,1,1,-1,0,1,1,1,1,-1,-1,0,-1,-1,1,-1,0,1,1,1,1,-1,1,0,-1,1,1,-1,-1],
[1,-1,1,1,1,1,-1,1,-1,-1,1,-1,1,1,1,-1,1,-1,0,-1,1,-1,1,1,-1,1,-1,1,-1,-1,1],
[1,-1,1,1,1,-1,-1,-1,1,1,1,1,-1,0,1,-1,1,1,0,1,1,1,1,1,1,1,-1,1,1,1,-1],
[1,-1,1,1,1,-1,0,-1,1,1,1,1,1,0,-1,-1,1,1,0,1,1,1,1,-1,1,1,-1,1,1,1,-1],
[1,-1,1,1,1,-1,-1,1,-1,1,1,1,1,0,0,-1,1,1,0,1,1,1,1,1,1,1,1,1,0,1,1],
[1,-1,1,1,1,-1,0,1,-1,1,1,1,-1,1,-1,-1,1,1,0,1,1,1,1,-1,1,0,1,1,0,1,1],
[1,-1,1,1,1,-1,-1,1,-1,1,1,1,1,0,0,-1,1,1,0,1,1,1,1,1,1,1,1,1,0,1,1],
[1,-1,1,1,1,1,-1,1,1,1,1,1,-1,0,-1,-1,1,1,0,1,1,1,1,1,-1,-1,-1,1,1,1,1],
[-1,-1,-1,1,-1,-1,1,1,-1,1,1,-1,1,0,0,-1,1,-1,0,1,1,1,1,1,-1,1,-1,1,-1,-1,1],
[1,-1,1,1,1,-1,-1,1,-1,1,1,1,1,0,-1,-1,1,1,0,1,1,1,1,-1,1,0,-1,1,0,1,-1],
[1,-1,1,1,1,-1,1,1,1,1,1,1,-1,0,1,-1,1,1,0,1,1,1,1,1,1,1,-1,1,1,1,1],
[1,-1,1,1,1,-1,-1,1,-1,1,1,1,-1,0,0,-1,1,1,0,1,1,1,1,-1,1,0,-1,1,0,1,-1],
[1,-1,1,1,1,-1,0,1,-1,1,1,1,1,1,0,-1,1,1,0,1,1,1,1,1,1,1,-1,1,-1,1,1],
[1,-1,1,1,1,-1,1,1,1,1,1,1,1,0,0,-1,1,1,0,1,1,1,1,1,-1,0,-1,-1,1,1,-1],
[-1,-1,-1,1,-1,-1,0,-1,1,-1,1,-1,-1,-1,1,-1,1,-1,0,-1,1,-1,-1,-1,-1,1,-1,-1,1,-1,-1],
[1,-1,1,1,1,-1,0,1,-1,1,1,1,1,0,0,-1,1,1,0,1,1,1,1,1,-1,1,-1,1,1,1,1],
[1,-1,1,1,1,-1,-1,1,-1,1,1,1,1,0,0,-1,1,1,0,1,1,1,1,-1,1,1,-1,1,0,1,1],
[1,-1,1,1,1,-1,0,0,-1,1,1,1,1,0,-1,-1,1,1,0,1,1,1,1,1,-1,-1,-1,1,1,1,-1],
[1,-1,1,1,1,1,1,1,-1,-1,-1,1,1,0,0,-1,-1,1,0,-1,1,-1,1,1,-1,1,-1,1,1,1,1],
[1,-1,1,1,1,-1,0,0,-1,1,1,1,1,-1,1,-1,1,1,0,1,1,1,1,1,1,1,-1,1,0,1,-1],
[1,-1,1,1,1,-1,-1,-1,-1,1,1,1,-1,-1,0,-1,1,1,0,1,1,1,1,-1,-1,0,-1,1,0,1,-1],
[-1,-1,-1,1,-1,-1,0,-1,-1,1,1,-1,1,0,0,-1,1,-1,0,1,1,1,1,1,-1,1,-1,1,1,-1,1],
[1,1,1,1,1,-1,0,1,-1,1,1,1,1,0,-1,1,1,1,0,1,1,1,1,-1,-1,1,-1,1,1,1,1],
[1,-1,1,1,1,-1,-1,-1,-1,1,1,1,1,-1,1,-1,1,1,0,1,1,1,1,-1,-1,-1,-1,1,1,1,-1],
[1,-1,1,1,1,-1,0,0,-1,1,1,1,1,-1,0,-1,-1,1,0,1,1,1,1,1,-1,-1,-1,1,0,1,-1],
[1,-1,1,1,1,1,1,1,-1,1,1,1,1,0,0,-1,-1,1,0,1,1,1,1,1,-1,1,-1,1,0,1,1],
[1,-1,1,1,1,-1,0,0,-1,1,1,1,-1,-1,-1,-1,-1,1,0,1,1,1,1,1,-1,-1,-1,1,0,1,-1],
[1,1,1,1,1,-1,0,-1,-1,-1,1,1,1,0,0,1,-1,1,0,-1,1,-1,1,-1,-1,1,-1,1,0,1,1],
[1,-1,1,1,1,1,0,1,1,1,1,1,-1,0,0,-1,1,1,0,1,1,1,1,-1,1,1,-1,1,0,1,1],
[1,-1,1,1,1,-1,-1,1,-1,1,1,1,1,0,0,-1,1,1,0,1,1,1,1,-1,1,1,-1,1,0,1,1],
[1,-1,1,1,1,-1,-1,0,1,1,1,1,1,0,-1,-1,1,1,0,1,1,1,1,-1,1,1,-1,1,0,1,-1],
[-1,1,-1,1,-1,-1,0,-1,-1,-1,1,-1,1,-1,1,1,1,-1,0,-1,1,-1,1,-1,-1,1,-1,1,1,-1,-1],
[1,-1,1,1,1,-1,1,1,1,1,1,1,-1,0,0,-1,1,1,0,1,1,1,1,1,-1,1,-1,1,0,1,1],
[1,-1,1,1,1,-1,1,1,-1,1,1,1,1,0,1,-1,1,1,0,1,1,1,1,1,-1,1,-1,1,0,1,1],
[1,1,1,1,1,-1,1,1,-1,1,1,-1,1,0,0,1,1,-1,0,1,1,1,1,1,1,1,-1,1,0,-1,1],
[1,-1,1,1,1,-1,-1,-1,1,1,1,-1,-1,-1,0,-1,1,-1,0,1,1,1,1,-1,-1,-1,-1,1,1,-1,-1],
[1,-1,1,1,1,-1,0,1,1,1,1,-1,-1,0,0,-1,1,-1,0,1,1,1,1,-1,1,1,-1,1,0,-1,1],
[-1,-1,-1,1,-1,-1,0,1,1,1,1,-1,-1,1,-1,-1,1,-1,0,1,1,1,1,-1,-1,1,1,1,1,-1,1],
[1,-1,1,1,1,-1,-1,-1,1,1,1,1,-1,0,0,-1,1,1,0,1,1,1,1,-1,1,1,-1,1,0,1,1],
[1,-1,1,1,1,-1,0,1,1,1,1,1,-1,1,0,-1,1,1,0,1,1,1,1,1,-1,-1,1,1,1,1,1],
[1,1,1,1,1,-1,-1,1,-1,-1,1,1,1,1,0,1,1,1,0,-1,1,-1,1,1,1,1,1,1,1,1,1],
[1,-1,1,-1,1,-1,0,0,-1,1,1,1,-1,-1,1,-1,1,1,0,1,1,1,1,1,1,1,-1,1,0,1,-1],
[1,-1,1,1,1,-1,1,1,-1,1,1,1,1,1,-1,-1,1,1,0,1,1,1,1,1,1,1,-1,1,1,1,1],
[1,-1,1,1,1,-1,0,1,1,1,1,1,-1,0,0,-1,1,1,0,1,1,1,1,-1,1,1,-1,1,1,1,1],
[1,-1,1,1,1,-1,-1,-1,1,1,1,1,1,0,0,-1,1,1,0,1,1,1,1,-1,1,1,-1,1,0,1,-1],
[1,-1,1,1,1,-1,1,1,-1,1,1,1,1,0,-1,-1,1,1,0,1,1,1,1,1,1,1,1,1,0,1,1],
[1,-1,1,1,1,-1,0,-1,1,1,1,1,-1,0,-1,-1,1,1,0,1,1,1,1,-1,-1,1,-1,1,0,1,-1],
[1,1,1,1,1,-1,1,1,1,-1,1,1,-1,0,0,1,1,1,0,-1,1,-1,1,1,1,1,-1,1,0,1,1],
[1,-1,1,1,1,-1,1,1,-1,1,1,1,1,1,0,-1,1,1,0,1,1,1,1,1,1,1,1,1,0,1,1],
[1,1,1,1,1,-1,0,0,-1,1,1,1,1,-1,-1,1,1,1,0,1,1,1,1,1,-1,-1,-1,1,0,1,-1],
[1,-1,1,1,1,-1,0,-1,1,1,1,-1,-1,-1,-1,-1,1,-1,0,1,1,1,1,-1,-1,0,-1,1,1,-1,-1],
[1,-1,1,1,1,-1,-1,1,-1,1,1,1,-1,0,0,-1,1,1,0,1,1,1,1,-1,-1,1,-1,1,0,1,-1],
[1,-1,1,1,1,-1,-1,1,1,-1,1,1,-1,-1,0,-1,1,1,0,1,1,-1,1,-1,-1,-1,-1,1,0,1,-1],
[1,-1,1,1,1,-1,-1,1,-1,-1,1,1,1,1,1,-1,1,1,0,1,1,-1,1,1,1,1,1,1,1,1,1],
[-1,-1,-1,1,-1,-1,1,1,1,-1,1,-1,-1,0,1,-1,1,-1,1,1,1,-1,1,1,1,0,-1,1,1,-1,1],
[1,-1,1,1,1,-1,-1,1,1,1,1,1,-1,0,0,-1,1,1,0,1,1,1,1,1,-1,0,-1,1,1,1,-1],
[1,-1,1,1,1,-1,-1,-1,-1,-1,1,1,1,0,0,-1,1,1,0,1,1,-1,1,-1,-1,0,1,1,1,1,-1],
[1,-1,1,1,1,1,1,1,-1,1,1,1,1,1,0,-1,1,1,0,1,1,1,1,1,1,1,-1,1,0,1,1],
[1,-1,1,1,1,-1,0,1,-1,-1,1,1,1,0,-1,-1,1,1,0,1,1,-1,1,-1,-1,1,-1,1,1,1,1],
[1,-1,1,1,1,-1,-1,1,1,1,1,1,-1,0,-1,-1,1,1,0,1,1,1,1,1,1,1,-1,1,0,1,1],
[-1,1,-1,1,-1,-1,0,1,1,-1,1,-1,-1,1,1,1,1,-1,1,1,1,-1,1,-1,-1,1,1,1,1,-1,1],
[1,-1,1,1,1,-1,-1,1,1,1,1,1,-1,0,0,-1,1,1,0,1,1,1,1,-1,1,-1,-1,1,0,1,1],
[1,-1,1,1,1,-1,-1,1,-1,1,1,1,-1,0,0,-1,1,1,0,1,1,1,1,-1,1,0,-1,1,0,1,1],
[1,-1,1,1,1,1,-1,1,-1,-1,1,1,1,0,1,-1,1,-1,0,1,1,-1,1,1,-1,1,-1,1,1,-1,1],
[-1,-1,-1,1,-1,1,1,1,1,1,1,-1,-1,0,0,-1,1,1,1,1,1,1,1,1,-1,1,-1,1,1,1,1],
[1,-1,1,-1,1,-1,0,0,-1,1,1,-1,-1,-1,0,-1,1,1,0,1,1,1,1,1,-1,-1,-1,1,1,1,-1],
[1,-1,1,1,1,-1,1,1,-1,1,1,1,1,0,1,-1,1,1,0,1,1,1,1,1,1,1,1,1,0,1,1],
[1,-1,1,1,1,-1,0,-1,1,-1,1,1,-1,-1,0,-1,1,-1,0,1,1,-1,1,-1,-1,0,-1,1,1,-1,-1],
[1,-1,1,1,1,-1,1,1,-1,1,1,1,1,0,0,-1,1,1,0,1,1,1,1,1,-1,0,-1,1,0,1,-1],
[1,-1,1,1,1,-1,1,1,1,1,1,1,1,1,-1,-1,1,1,0,1,1,1,1,1,-1,-1,-1,1,1,1,1],
[1,-1,1,1,1,-1,-1,-1,-1,1,1,1,1,-1,-1,-1,1,1,0,1,1,1,1,-1,1,-1,-1,1,0,1,-1],
[1,-1,1,1,1,-1,0,-1,1,1,1,1,1,0,-1,-1,1,1,0,1,1,1,1,-1,1,0,-1,1,0,1,-1],
[1,1,1,1,1,-1,1,1,-1,1,1,1,1,0,1,1,1,1,0,1,1,-1,1,1,-1,0,-1,1,1,1,-1],
[-1,1,-1,1,-1,-1,-1,1,-1,1,1,-1,1,0,-1,1,1,1,1,1,1,1,1,-1,-1,0,-1,1,1,1,-1],
[1,-1,1,1,1,-1,-1,-1,-1,1,1,1,-1,0,-1,-1,1,1,0,1,1,1,1,-1,1,0,-1,-1,0,1,-1],
[1,-1,1,1,1,-1,-1,-1,1,1,1,1,-1,0,0,-1,1,1,0,1,1,1,1,-1,1,1,-1,1,0,1,-1],
[1,-1,1,1,1,-1,-1,-1,-1,1,1,-1,-1,-1,0,-1,1,1,0,1,1,1,1,-1,1,-1,-1,1,0,1,-1],
[-1,-1,-1,1,-1,-1,0,-1,-1,1,1,-1,1,-1,1,-1,1,-1,1,1,1,-1,1,-1,-1,-1,-1,1,1,-1,-1],
[1,-1,1,1,1,-1,-1,-1,1,1,1,1,-1,0,0,-1,1,1,0,1,1,1,1,1,-1,1,-1,1,1,1,1],
[1,-1,1,1,1,1,-1,1,1,1,1,1,-1,1,0,-1,1,1,0,1,1,1,1,-1,1,1,1,1,0,1,1],
[1,-1,1,1,1,-1,-1,-1,1,1,1,1,-1,0,0,-1,1,1,0,1,1,1,1,-1,1,1,-1,-1,0,1,-1],
[1,-1,1,1,1,-1,1,1,-1,1,1,1,1,0,0,-1,1,1,0,1,1,1,1,1,-1,1,-1,1,0,1,1],
[1,-1,1,1,1,-1,0,0,1,1,1,1,-1,-1,-1,-1,1,1,0,1,1,1,1,1,-1,-1,-1,1,1,1,-1],
[1,-1,1,1,1,-1,0,-1,1,1,1,1,-1,-1,1,-1,1,1,0,1,1,1,1,-1,-1,-1,-1,1,1,1,-1],
[1,-1,1,1,1,-1,0,1,-1,1,1,1,1,0,1,-1,1,1,0,1,1,1,1,-1,-1,1,-1,1,1,1,1],
[1,-1,1,1,1,-1,0,1,-1,1,1,1,1,0,1,-1,1,1,0,1,1,1,1,-1,-1,1,1,1,0,1,1],
[1,1,1,1,1,-1,0,1,-1,-1,1,1,1,0,0,1,1,-1,0,1,-1,-1,-1,-1,-1,1,-1,1,1,-1,1],
[1,-1,1,1,1,-1,1,1,-1,1,1,1,1,1,0,-1,1,1,0,1,1,1,1,1,-1,1,-1,1,0,1,1],
[1,-1,1,1,1,-1,0,-1,1,1,1,1,-1,0,-1,-1,1,1,0,1,1,1,1,1,-1,1,-1,1,1,1,1],
[1,-1,1,1,1,-1,-1,1,1,1,1,-1,-1,0,1,-1,-1,1,0,1,1,1,1,1,-1,1,-1,1,0,1,1],
[1,-1,1,1,1,-1,-1,-1,-1,1,1,-1,1,-1,-1,-1,-1,1,0,1,1,1,1,-1,-1,1,-1,1,0,1,-1],
[1,-1,1,1,1,1,0,1,-1,-1,1,-1,1,1,-1,-1,-1,1,0,1,-1,-1,-1,-1,-1,1,-1,1,1,1,1],
[1,-1,1,1,1,-1,-1,-1,-1,1,1,1,1,0,0,-1,-1,1,0,1,1,1,1,-1,-1,1,-1,1,0,1,-1],
[1,-1,1,1,1,1,0,1,-1,1,1,1,1,1,0,-1,1,1,0,1,1,1,1,-1,-1,1,-1,1,0,1,1],
[1,-1,1,-1,1,1,1,1,-1,1,1,1,1,1,1,-1,1,1,0,1,1,1,1,1,1,1,-1,1,0,1,1],
[-1,1,-1,1,-1,1,0,1,-1,1,1,-1,1,0,-1,1,1,-1,1,1,1,1,1,-1,-1,1,-1,1,1,-1,1],
[1,-1,1,1,1,-1,0,-1,-1,1,1,1,1,-1,-1,-1,1,1,0,1,1,1,1,-1,1,1,-1,1,0,1,-1],
[-1,1,-1,1,-1,1,1,1,-1,1,1,-1,1,0,1,1,1,-1,1,1,1,1,1,1,-1,1,-1,1,1,-1,1],
[1,-1,1,1,1,-1,0,1,1,-1,1,1,-1,1,0,-1,1,1,0,1,1,-1,-1,-1,-1,1,1,-1,1,1,1],
[1,-1,1,1,1,-1,-1,-1,-1,-1,-1,1,1,0,-1,-1,-1,1,0,1,1,-1,1,1,1,1,-1,1,0,1,1],
[1,-1,1,1,1,-1,0,1,-1,1,1,1,1,0,0,-1,1,1,0,1,1,1,1,-1,1,1,1,1,0,1,1],
[1,-1,1,1,1,-1,1,1,-1,1,1,1,1,1,-1,-1,1,1,0,1,1,1,1,1,-1,0,1,1,1,1,1],
[1,-1,1,1,1,-1,1,1,-1,-1,-1,1,-1,0,1,-1,-1,1,0,1,1,-1,1,1,-1,1,1,1,1,1,1],
[1,-1,1,1,1,-1,0,-1,-1,1,1,1,1,0,1,-1,1,1,0,1,1,1,1,-1,1,1,-1,1,0,1,1],
[1,-1,1,1,1,-1,-1,-1,1,1,1,1,-1,1,-1,-1,1,1,0,1,1,1,1,-1,-1,-1,-1,1,1,1,-1],
[1,-1,1,1,1,-1,1,1,-1,1,1,1,1,1,1,-1,1,1,0,1,1,1,1,1,-1,1,1,-1,1,1,1],
[1,-1,1,1,1,-1,1,1,1,-1,1,1,-1,0,0,-1,1,1,0,1,1,-1,1,1,-1,0,1,1,1,1,1],
[1,-1,1,1,1,-1,0,-1,-1,1,1,1,-1,-1,0,-1,1,1,0,1,1,-1,1,-1,1,0,-1,1,1,1,-1],
[1,-1,1,1,1,-1,1,1,1,1,1,1,1,0,0,-1,1,1,0,1,1,1,1,1,1,0,-1,1,1,1,1],
[-1,1,-1,1,-1,1,1,1,-1,1,1,-1,-1,0,1,1,1,-1,1,1,1,1,1,1,1,1,-1,1,1,-1,1],
[1,-1,1,1,1,-1,-1,-1,1,1,1,1,-1,0,-1,-1,1,1,0,1,1,1,1,-1,1,-1,-1,1,1,1,-1],
[1,-1,1,1,1,-1,-1,1,-1,1,1,1,1,0,1,-1,1,1,0,1,1,1,1,-1,1,0,-1,1,0,1,-1],
[1,-1,1,-1,1,-1,0,0,1,1,1,1,-1,-1,0,-1,1,1,0,1,1,1,1,1,1,-1,-1,1,1,1,-1],
[1,-1,1,-1,1,-1,-1,1,-1,1,1,1,1,1,1,-1,1,1,0,1,1,1,1,1,1,1,-1,1,0,1,1],
[1,-1,1,1,1,-1,1,1,-1,1,1,1,1,0,1,-1,1,1,0,1,1,1,1,1,1,1,-1,1,0,1,1],
[1,-1,1,1,1,-1,0,-1,-1,-1,1,1,1,-1,1,-1,1,1,0,1,1,-1,1,-1,-1,-1,-1,1,0,1,-1],
[1,-1,1,-1,1,-1,-1,1,-1,1,1,1,1,1,1,-1,1,1,0,1,1,1,1,1,1,1,-1,-1,0,1,1],
[-1,1,-1,1,-1,1,0,-1,-1,1,1,-1,1,1,1,1,1,-1,1,1,1,1,1,1,1,1,-1,-1,1,-1,1],
[1,-1,1,1,1,-1,1,1,-1,-1,-1,1,1,1,0,-1,-1,1,0,1,1,-1,-1,1,1,1,-1,1,1,1,1],
[1,-1,1,1,1,-1,-1,-1,-1,1,1,1,-1,0,-1,-1,1,1,0,1,1,1,1,-1,-1,0,-1,1,0,1,-1],
[1,-1,1,1,1,1,-1,1,1,-1,-1,1,-1,1,0,-1,-1,1,0,1,1,-1,-1,-1,1,0,-1,1,0,1,1],
[1,-1,1,1,1,-1,-1,1,-1,1,1,1,1,0,0,-1,-1,1,0,1,1,-1,-1,1,1,1,1,-1,0,1,1],
[1,1,1,1,1,-1,-1,1,-1,1,1,1,1,0,1,1,1,1,0,1,1,1,1,1,1,1,-1,1,1,1,1],
[1,-1,1,1,1,-1,0,-1,1,1,1,1,-1,-1,-1,-1,1,1,0,1,1,1,1,-1,-1,-1,-1,1,0,1,-1],
[1,-1,1,1,1,-1,-1,1,1,-1,1,1,1,0,-1,-1,1,1,0,1,-1,-1,-1,1,-1,0,-1,1,1,1,1],
[1,-1,1,1,1,-1,0,0,1,1,1,1,-1,0,-1,-1,1,1,0,1,1,1,1,1,-1,-1,-1,1,1,1,-1],
[1,1,1,-1,1,1,-1,1,-1,1,1,1,1,0,1,1,1,1,0,1,1,1,1,-1,1,1,-1,1,0,1,1],
[1,-1,1,1,1,-1,0,-1,-1,1,1,1,1,-1,-1,-1,1,1,0,1,1,1,1,-1,-1,-1,-1,1,0,1,-1],
[1,-1,1,1,1,-1,1,1,-1,-1,1,1,1,0,1,-1,1,1,0,1,1,-1,-1,1,-1,0,-1,1,1,1,1],
[1,-1,1,1,1,-1,-1,-1,-1,1,1,1,1,-1,-1,-1,1,1,0,1,1,1,1,-1,-1,-1,-1,1,0,1,-1],
[1,-1,1,1,1,-1,0,1,1,1,1,1,-1,0,0,-1,1,1,0,1,1,1,1,-1,1,1,-1,1,0,1,1],
[1,1,1,1,1,-1,0,1,-1,-1,1,1,1,0,0,1,1,1,0,-1,1,-1,-1,-1,-1,1,-1,1,1,1,1],
[1,-1,1,1,1,-1,1,1,-1,1,1,-1,1,1,1,-1,1,1,0,1,1,1,1,1,-1,-1,-1,1,1,1,1],
[1,-1,1,1,1,-1,-1,1,1,1,1,1,-1,1,1,-1,1,1,0,1,1,1,1,1,1,1,1,1,0,1,1],
[1,-1,1,-1,1,-1,-1,1,-1,1,1,1,-1,0,1,-1,1,1,0,1,1,1,1,1,1,1,1,1,0,1,1],
[1,-1,1,1,1,-1,-1,1,-1,1,1,1,1,0,0,-1,1,1,0,1,1,1,1,1,-1,1,-1,1,1,1,1],
[1,-1,1,1,1,-1,1,1,-1,-1,1,1,1,0,-1,-1,1,1,0,-1,1,-1,1,1,-1,1,-1,1,1,1,1],
[1,-1,1,1,1,-1,0,0,-1,-1,1,1,1,-1,0,-1,1,1,0,-1,1,-1,1,1,1,0,-1,1,0,1,-1],
[1,-1,1,1,1,-1,-1,-1,1,1,1,1,1,0,0,-1,1,1,0,1,1,1,1,1,-1,1,-1,1,1,1,-1],
[1,-1,1,1,1,-1,-1,1,1,1,1,1,-1,0,0,-1,1,1,0,1,1,1,1,-1,1,1,-1,-1,0,1,1],
[1,1,1,1,1,-1,-1,1,-1,1,1,1,1,0,0,1,1,1,0,1,1,1,1,-1,1,1,-1,-1,0,1,1],
[1,-1,1,1,1,-1,-1,-1,1,1,1,1,-1,-1,0,-1,1,1,0,1,1,1,1,-1,1,0,-1,1,0,1,-1],
[1,-1,1,1,1,-1,1,-1,-1,1,1,1,1,-1,0,-1,1,1,0,1,1,1,1,1,1,-1,-1,1,0,1,-1],
[1,-1,1,1,1,-1,1,1,-1,1,1,1,-1,0,0,-1,1,1,0,1,1,1,1,1,1,1,-1,1,0,1,1],
[1,-1,1,1,1,1,1,1,-1,1,1,1,1,0,0,-1,1,1,0,1,1,1,1,1,1,0,-1,1,0,1,1],
[1,-1,1,1,1,-1,0,1,1,1,1,1,1,0,-1,-1,1,1,0,1,1,1,1,-1,-1,1,-1,1,0,1,-1],
[-1,-1,-1,1,-1,-1,-1,1,1,1,1,-1,-1,0,0,-1,1,-1,1,1,1,1,1,-1,-1,1,-1,1,1,-1,1],
[-1,1,-1,1,-1,1,0,1,-1,-1,1,-1,1,1,1,1,-1,-1,1,1,1,-1,1,-1,-1,0,-1,1,1,-1,1],
[1,-1,1,1,1,-1,1,1,1,-1,1,1,-1,1,-1,-1,1,1,0,1,1,-1,1,1,-1,1,-1,1,1,1,1],
[1,-1,1,1,1,-1,1,1,-1,1,1,1,1,1,0,-1,1,1,0,1,1,1,1,1,1,1,-1,1,0,1,1],
[-1,-1,-1,1,-1,-1,0,1,-1,1,1,-1,1,0,-1,-1,1,-1,1,1,1,1,1,-1,-1,1,-1,1,1,-1,1],
[1,-1,1,1,1,1,-1,1,1,1,1,1,-1,1,0,-1,-1,1,0,1,1,1,1,1,-1,-1,-1,1,1,1,1],
[1,1,1,1,1,-1,0,0,1,1,1,1,-1,-1,0,1,1,1,0,1,1,1,1,1,-1,-1,-1,1,0,1,-1],
[-1,1,-1,1,-1,-1,0,-1,-1,1,1,-1,1,-1,1,1,1,-1,1,1,1,1,1,-1,-1,-1,-1,1,0,-1,-1],
[1,-1,1,1,1,-1,-1,1,-1,1,1,1,-1,0,-1,-1,1,1,0,1,1,1,1,-1,-1,0,-1,1,0,1,-1],
[1,1,1,-1,1,-1,-1,1,-1,1,1,1,1,0,1,1,1,1,0,1,1,1,1,-1,1,1,-1,1,0,1,1],
[1,1,1,1,1,-1,-1,1,-1,-1,1,1,1,0,1,1,1,1,0,1,1,-1,1,1,-1,1,-1,1,1,1,1],
[-1,-1,-1,1,-1,-1,0,1,1,1,1,-1,-1,1,-1,-1,1,-1,1,1,1,1,1,-1,-1,1,-1,1,1,-1,1],
[1,-1,1,1,1,1,-1,1,-1,-1,1,1,1,1,0,-1,1,1,0,1,1,-1,1,-1,1,1,-1,-1,0,1,1],
[1,-1,1,-1,1,-1,1,1,-1,1,1,1,1,0,1,-1,1,1,0,1,1,1,1,1,1,1,1,1,0,1,1],
[1,1,1,1,1,-1,-1,-1,-1,1,1,1,1,-1,-1,1,1,1,0,1,1,1,1,1,-1,-1,-1,1,1,1,-1],
[1,-1,1,1,1,-1,1,-1,1,1,1,1,-1,-1,-1,-1,1,1,0,1,1,1,1,-1,-1,-1,-1,-1,1,1,-1],
[1,-1,1,1,1,-1,1,0,-1,1,1,1,1,0,-1,-1,1,1,0,1,1,1,1,1,1,1,-1,1,0,1,1],
[1,-1,1,1,1,-1,0,0,1,1,1,1,-1,-1,0,-1,1,1,0,1,1,1,1,1,-1,-1,-1,-1,0,1,-1],
[1,-1,1,1,1,-1,-1,-1,1,1,1,1,-1,0,0,-1,1,1,0,1,1,1,1,-1,1,-1,1,1,0,1,-1],
[-1,1,-1,1,-1,-1,1,1,-1,1,1,-1,1,0,-1,1,1,-1,1,1,1,1,1,1,-1,1,-1,1,1,-1,1],
[1,-1,1,1,1,-1,-1,1,-1,-1,1,1,1,0,0,-1,1,1,0,1,1,-1,1,1,1,0,-1,1,0,1,1],
[1,-1,1,1,1,-1,1,1,-1,-1,1,1,1,1,1,-1,1,1,0,1,1,-1,1,1,-1,1,-1,1,1,1,1],
[1,1,1,1,1,-1,1,1,-1,1,1,1,1,0,0,1,1,1,0,1,1,1,1,1,1,1,-1,1,0,1,1],
[1,-1,1,1,1,-1,1,1,1,1,1,1,-1,1,-1,-1,1,1,0,1,1,1,1,1,1,0,1,1,0,1,1],
[1,-1,1,1,1,-1,0,1,1,1,1,1,-1,0,1,-1,1,1,0,1,1,1,1,-1,-1,1,-1,1,1,1,1],
[1,1,1,1,1,-1,-1,1,-1,1,1,1,1,1,1,1,1,1,0,1,1,1,1,1,1,1,1,1,0,1,1],
[1,1,1,1,1,-1,-1,-1,-1,-1,1,1,1,-1,1,1,1,1,0,1,1,-1,1,-1,-1,-1,-1,1,0,1,-1],
[1,-1,1,1,1,-1,0,-1,-1,1,1,1,1,1,0,-1,1,1,0,1,1,1,1,1,1,1,-1,1,0,1,1],
[1,-1,1,1,1,1,1,1,-1,-1,1,1,1,0,1,-1,1,1,0,1,1,-1,1,1,-1,1,-1,1,1,1,1],
[1,-1,1,1,1,-1,0,1,-1,1,1,1,-1,0,-1,-1,1,1,0,1,1,1,1,-1,1,0,-1,-1,0,1,1],
[1,-1,1,1,1,-1,0,0,1,-1,-1,1,1,-1,1,-1,-1,1,0,1,1,-1,1,1,-1,1,-1,1,1,1,-1],
[1,-1,1,1,1,-1,-1,1,-1,1,1,1,1,1,-1,-1,1,1,0,1,1,1,1,1,-1,1,-1,1,1,1,1],
[1,-1,1,1,1,-1,0,0,1,1,1,1,-1,-1,-1,-1,1,1,0,1,1,1,1,1,-1,1,-1,1,0,1,-1],
[1,-1,1,1,1,-1,0,1,-1,1,1,1,-1,0,1,-1,1,1,0,1,1,1,1,-1,-1,1,1,1,0,1,1],
[1,-1,1,1,1,-1,-1,1,-1,1,1,1,1,1,0,-1,1,1,0,1,1,1,1,-1,1,0,-1,1,0,1,1],
[1,-1,1,1,1,-1,1,1,-1,-1,-1,1,1,0,1,-1,-1,1,0,1,1,-1,1,1,-1,0,-1,1,1,1,-1],
[1,-1,1,-1,1,-1,0,1,-1,1,1,1,1,0,1,-1,1,1,0,1,1,1,1,-1,1,1,1,1,0,1,1],
[1,-1,1,1,1,1,0,1,-1,1,1,1,1,0,0,-1,1,1,0,1,1,1,1,1,1,1,-1,1,0,1,1],
[1,-1,1,1,1,-1,1,1,-1,1,1,1,1,1,-1,-1,1,1,0,1,1,1,1,1,-1,1,1,1,1,1,1],
[1,-1,1,1,1,-1,-1,1,-1,-1,-1,1,-1,0,0,-1,-1,1,0,1,1,-1,1,1,-1,1,-1,1,1,1,1],
[1,-1,1,1,1,-1,-1,-1,1,1,1,1,1,-1,-1,-1,1,1,0,1,1,1,1,-1,-1,-1,-1,1,0,1,-1],
[1,-1,1,1,1,-1,-1,-1,-1,1,1,1,-1,-1,-1,-1,1,1,0,1,1,1,1,-1,-1,-1,-1,1,1,1,-1],
[1,-1,1,1,1,-1,-1,1,1,-1,1,1,-1,1,0,-1,1,1,0,1,1,-1,1,1,1,0,-1,1,0,1,1],
[1,-1,1,1,1,-1,-1,-1,1,1,1,1,-1,-1,-1,-1,1,1,0,1,1,1,1,1,-1,-1,-1,1,0,1,-1],
[1,-1,1,1,1,-1,0,1,-1,1,1,1,1,0,0,-1,1,1,0,1,1,1,1,1,-1,1,-1,1,1,1,1],
[-1,-1,-1,1,-1,-1,-1,1,-1,1,1,-1,1,0,-1,-1,1,-1,1,1,1,1,1,1,-1,1,-1,1,1,-1,1],
[1,1,1,1,1,-1,1,1,-1,-1,1,1,1,0,0,1,1,1,0,1,1,-1,1,1,-1,1,-1,1,1,1,1],
[1,-1,1,1,1,-1,1,1,-1,-1,1,1,1,0,0,-1,1,1,0,1,1,-1,1,1,1,0,-1,-1,0,1,1],
[-1,-1,-1,1,-1,-1,-1,1,-1,-1,1,-1,1,-1,1,-1,1,-1,1,1,1,-1,1,-1,-1,0,-1,1,1,-1,-1],
[1,-1,1,1,1,-1,-1,-1,1,1,1,1,1,-1,0,-1,1,1,0,1,1,1,1,-1,-1,-1,-1,1,0,1,-1],
[1,-1,1,1,1,1,1,1,1,1,1,1,-1,1,0,-1,1,1,0,1,1,1,1,1,-1,1,-1,-1,1,1,1],
[1,-1,1,1,1,-1,1,-1,-1,1,1,1,1,0,0,-1,1,1,0,1,1,1,1,1,1,0,-1,1,0,1,1],
[1,-1,1,-1,1,-1,-1,-1,-1,1,1,1,-1,-1,0,-1,1,1,0,1,1,1,1,-1,-1,-1,-1,1,1,1,-1],
[1,-1,1,1,1,-1,1,1,1,1,1,1,1,1,-1,-1,1,1,0,1,1,1,1,1,1,1,-1,1,0,1,1],
[1,-1,1,1,1,-1,-1,-1,-1,1,1,1,-1,-1,0,-1,1,1,0,1,1,1,1,-1,-1,1,-1,1,0,1,-1],
[1,1,1,1,1,-1,0,-1,-1,1,1,1,1,0,0,1,1,1,0,1,1,1,1,-1,-1,1,-1,1,0,1,1],
[1,-1,1,1,1,1,1,1,-1,1,1,1,1,1,-1,-1,1,1,0,1,1,1,1,1,1,0,1,1,0,1,1],
[-1,-1,-1,1,-1,-1,0,0,1,-1,-1,-1,-1,-1,1,-1,-1,-1,1,1,1,-1,1,1,-1,-1,-1,1,1,-1,-1],
[-1,-1,-1,1,-1,1,1,1,-1,1,1,-1,1,0,0,-1,1,-1,1,1,1,1,1,1,-1,1,-1,1,1,-1,1],
[1,-1,1,1,1,-1,-1,1,-1,1,1,1,1,0,0,-1,1,1,0,1,1,1,1,1,-1,0,-1,1,1,1,1],
[1,-1,1,1,1,-1,0,1,-1,1,1,1,1,1,1,-1,1,1,0,1,1,1,1,-1,1,1,-1,1,0,1,1],
[1,-1,1,1,1,-1,-1,1,-1,1,1,1,1,1,-1,-1,1,1,0,1,1,1,1,1,-1,1,-1,1,1,1,1],
[1,-1,1,1,1,-1,-1,-1,-1,-1,1,1,-1,-1,-1,-1,1,1,0,1,1,-1,1,-1,-1,1,-1,1,1,1,-1],
[1,-1,1,1,1,-1,0,1,1,1,1,1,-1,0,1,-1,1,1,0,1,1,1,1,-1,1,0,-1,1,0,1,-1],
[1,-1,1,1,1,-1,0,-1,-1,1,1,1,1,0,0,-1,1,1,0,1,1,1,1,-1,1,1,-1,1,0,1,-1],
[-1,-1,-1,1,-1,-1,-1,1,1,1,1,-1,-1,1,1,-1,1,-1,1,1,1,1,1,1,-1,1,-1,1,1,-1,1],
[-1,1,-1,1,-1,-1,0,0,-1,1,1,-1,1,-1,1,1,1,-1,1,1,1,1,1,1,-1,1,-1,1,1,-1,-1],
[1,-1,1,1,1,-1,0,1,-1,1,1,1,-1,0,0,-1,1,1,0,1,1,1,1,1,-1,1,1,-1,1,1,1],
[1,-1,1,1,1,-1,1,1,-1,1,1,1,1,1,1,-1,1,1,0,1,1,1,1,1,1,1,-1,1,0,1,1],
[1,-1,1,1,1,-1,-1,-1,-1,1,1,1,-1,1,-1,-1,1,1,0,1,1,1,1,-1,-1,0,-1,1,0,1,-1],
[1,-1,1,1,1,-1,0,0,-1,-1,1,1,1,-1,1,-1,1,1,0,1,1,-1,1,1,-1,1,-1,1,1,1,-1],
[1,-1,1,1,1,-1,1,1,-1,1,1,1,-1,1,-1,-1,1,1,0,1,1,1,1,1,1,0,1,-1,0,1,1],
[-1,1,-1,1,-1,-1,0,1,-1,1,1,-1,1,0,0,1,1,-1,1,1,1,1,1,1,-1,1,-1,1,1,-1,1],
[1,-1,1,1,1,-1,-1,-1,1,1,1,1,-1,-1,0,-1,1,1,0,1,1,1,1,-1,-1,0,-1,1,0,1,-1],
[1,-1,1,1,1,-1,1,1,-1,-1,1,1,1,0,-1,-1,1,1,0,1,1,-1,1,1,-1,1,-1,1,0,1,1],
[1,-1,1,1,1,-1,1,1,-1,-1,1,1,1,1,0,-1,1,1,0,1,1,-1,1,1,-1,1,-1,1,1,1,1],
[1,-1,1,1,1,1,0,1,-1,1,1,1,-1,1,0,-1,1,1,0,1,1,1,1,1,1,1,-1,1,1,1,1],
[1,1,1,1,1,-1,1,1,-1,-1,1,1,1,0,-1,1,1,1,0,1,1,-1,1,1,1,1,-1,1,1,1,1],
[1,-1,1,1,1,-1,0,1,-1,1,1,1,-1,0,1,-1,1,1,0,1,1,1,1,-1,1,1,1,-1,0,1,1],
[1,-1,1,1,1,-1,1,1,-1,1,1,1,1,0,0,-1,1,1,0,1,1,1,1,1,1,1,1,1,0,1,1],
[1,-1,1,1,1,-1,0,1,-1,1,1,1,1,0,0,-1,1,1,0,1,1,1,1,-1,-1,1,-1,1,0,1,1],
[1,-1,1,1,1,-1,-1,1,-1,-1,1,1,1,0,0,-1,1,1,0,1,1,-1,1,-1,-1,0,-1,1,0,1,-1],
[1,-1,1,1,1,-1,1,1,-1,1,1,1,1,1,1,-1,1,1,0,1,1,1,1,1,-1,1,-1,1,0,1,1],
[1,-1,1,1,1,1,-1,1,1,-1,-1,1,-1,1,-1,-1,-1,1,0,1,1,-1,1,1,-1,1,-1,1,1,1,1],
[1,1,1,1,1,-1,1,1,-1,1,1,1,1,0,0,1,1,1,0,1,1,1,1,1,1,1,-1,1,0,1,1],
[1,-1,1,1,1,1,0,1,-1,1,1,1,1,1,1,-1,1,1,0,1,1,1,1,-1,1,1,-1,1,0,1,1],
[1,-1,1,1,1,-1,0,1,-1,1,1,1,1,1,0,-1,1,1,0,1,1,1,1,-1,1,1,-1,1,0,1,1],
[1,-1,1,1,1,-1,-1,1,-1,-1,1,1,1,0,0,-1,1,1,0,1,1,-1,1,1,-1,1,1,1,1,1,1],
[1,-1,1,1,1,-1,0,-1,-1,1,1,1,1,0,0,-1,1,1,0,1,1,1,1,1,1,1,-1,1,0,1,1],
[1,-1,1,1,1,-1,1,1,-1,1,1,1,1,0,-1,-1,1,1,0,1,1,1,1,1,1,0,-1,1,0,1,1],
[1,-1,1,1,1,-1,1,1,-1,1,1,1,1,0,0,-1,1,1,0,1,1,1,1,1,1,1,-1,1,0,1,1],
[1,-1,1,1,1,-1,-1,1,-1,1,1,1,1,1,0,-1,1,1,0,1,1,1,1,1,-1,-1,-1,1,1,1,1],
[1,-1,1,1,1,1,-1,1,-1,1,1,1,1,0,0,-1,1,1,0,1,1,1,1,1,1,1,1,1,0,1,1],
[1,-1,1,1,1,1,-1,1,1,1,1,1,-1,1,0,-1,1,1,0,1,1,1,1,1,1,1,-1,1,0,1,1],
[1,-1,1,1,1,-1,-1,-1,1,1,1,1,-1,0,-1,-1,1,1,0,1,1,1,1,-1,1,0,-1,1,0,1,-1],
[1,-1,1,1,1,-1,-1,-1,1,1,1,1,1,-1,-1,-1,1,1,0,1,1,1,1,-1,1,-1,-1,1,0,1,-1],
[1,-1,1,1,1,-1,-1,-1,1,1,1,1,1,0,-1,-1,1,1,0,1,1,1,1,-1,1,0,-1,-1,0,1,-1],
[1,-1,1,1,1,-1,-1,0,-1,1,1,1,-1,0,-1,-1,1,1,0,1,1,1,1,-1,1,0,-1,1,0,1,-1],
[1,-1,1,1,1,-1,1,-1,1,1,1,1,-1,0,-1,-1,1,1,0,1,1,1,1,1,1,1,-1,1,0,1,-1],
[-1,-1,-1,1,-1,-1,0,0,1,1,1,-1,-1,-1,1,-1,1,-1,1,1,1,1,1,1,-1,-1,-1,1,0,1,-1],
[-1,-1,-1,1,-1,-1,-1,-1,-1,-1,1,-1,1,-1,1,-1,1,-1,1,-1,1,-1,1,-1,-1,0,-1,1,1,-1,-1],
[1,-1,1,1,1,-1,-1,-1,1,1,1,1,-1,-1,-1,-1,1,1,0,1,1,1,1,-1,-1,-1,-1,1,0,1,-1],
[1,-1,1,1,1,-1,1,1,-1,1,1,1,-1,0,1,-1,1,1,0,1,1,1,1,1,-1,-1,-1,1,1,1,1],
[1,-1,1,1,1,-1,1,1,-1,1,1,1,1,0,-1,-1,1,1,0,1,1,1,1,1,1,1,1,1,0,1,1],
[1,-1,1,-1,1,-1,1,1,1,1,1,1,-1,0,0,-1,1,1,0,1,1,1,1,1,-1,-1,1,1,0,1,1],
[1,-1,1,1,1,-1,-1,-1,-1,1,1,1,1,0,0,-1,1,1,0,1,1,1,1,1,-1,0,-1,1,1,1,-1],
[1,1,1,1,1,-1,-1,-1,-1,1,1,1,1,-1,0,1,1,1,0,1,1,1,1,-1,-1,-1,-1,1,1,1,-1],
[1,-1,1,1,1,-1,0,1,-1,1,1,1,1,0,-1,-1,1,1,0,1,1,1,1,1,-1,1,-1,1,1,1,1],
[1,-1,1,1,1,-1,1,1,1,-1,1,1,-1,0,1,-1,1,1,0,1,1,-1,1,1,-1,1,-1,1,1,1,1],
[1,-1,1,1,1,-1,0,1,1,1,1,1,-1,0,-1,-1,1,1,0,1,1,1,1,1,-1,1,-1,1,1,1,1],
[1,-1,1,1,1,-1,1,1,1,1,1,1,-1,0,0,-1,1,1,0,1,1,1,1,1,-1,1,1,-1,0,1,1],
[1,-1,1,1,1,-1,1,1,-1,1,1,1,1,0,0,-1,1,1,0,1,1,1,1,1,1,1,-1,1,0,1,1],
[1,-1,1,1,1,-1,0,1,1,1,1,1,-1,1,-1,-1,1,1,0,1,1,1,1,-1,-1,0,1,-1,1,1,1],
[1,-1,1,1,1,-1,-1,1,-1,-1,1,1,1,0,1,-1,1,1,0,1,1,-1,1,1,-1,0,-1,1,0,1,1],
[1,-1,1,-1,1,-1,-1,-1,-1,1,1,1,1,-1,0,-1,1,1,0,1,1,1,1,-1,-1,-1,-1,1,0,1,-1],
[-1,-1,-1,1,-1,1,-1,1,1,1,1,-1,-1,1,1,-1,1,-1,1,1,1,1,1,1,-1,1,-1,1,1,1,1],
[1,-1,1,-1,1,-1,0,0,1,1,1,1,-1,-1,0,-1,1,1,0,1,1,1,1,1,-1,-1,-1,1,0,1,-1],
[1,1,1,1,1,1,-1,1,-1,1,1,1,1,1,0,1,1,1,0,1,1,1,1,1,-1,1,-1,1,1,1,1],
[-1,-1,-1,1,-1,-1,-1,1,-1,1,1,-1,1,1,-1,-1,1,-1,1,1,1,1,1,1,1,1,1,1,1,1,1],
[1,-1,1,1,1,-1,0,1,-1,-1,-1,1,1,1,-1,-1,-1,1,0,-1,1,-1,1,-1,1,1,-1,1,1,-1,1],
[1,-1,1,1,1,-1,1,1,-1,1,1,1,1,0,0,-1,1,1,0,1,1,1,1,1,1,1,-1,1,0,1,1],
[1,-1,1,1,1,-1,0,0,1,1,1,1,1,-1,-1,-1,1,1,0,1,1,1,1,1,-1,-1,-1,1,0,1,-1],
[1,-1,1,1,1,-1,0,-1,1,1,1,1,-1,0,-1,-1,1,1,0,1,1,1,1,1,-1,1,-1,1,1,1,-1],
[1,-1,1,1,1,-1,-1,1,1,1,1,1,1,0,0,-1,1,1,0,1,1,1,1,1,1,-1,1,1,0,1,1],
[1,-1,1,1,1,-1,0,0,-1,1,1,1,1,-1,-1,-1,1,1,0,1,1,1,1,1,-1,0,-1,1,0,1,-1],
[1,-1,1,1,1,-1,-1,1,-1,1,1,1,1,0,0,-1,1,1,0,1,1,1,1,1,1,1,-1,1,0,1,1],
[1,-1,1,1,1,-1,1,-1,1,1,1,1,-1,0,-1,-1,1,1,0,1,1,1,1,1,-1,1,-1,1,1,1,-1],
[-1,-1,-1,1,-1,1,-1,1,-1,1,1,-1,1,0,0,-1,1,-1,1,1,1,1,1,-1,-1,1,-1,1,1,1,1],
[1,-1,1,1,1,-1,-1,1,-1,1,1,1,1,0,0,-1,1,1,0,1,1,1,1,1,-1,0,-1,1,1,1,-1],
[1,1,1,1,1,-1,-1,-1,-1,1,1,1,1,-1,-1,1,1,1,0,1,1,1,1,-1,-1,-1,-1,1,1,1,-1],
[1,-1,1,1,1,-1,0,1,1,1,1,1,-1,0,1,-1,1,1,0,1,1,1,1,1,-1,1,-1,1,1,1,1],
[1,-1,1,1,1,-1,0,0,-1,-1,-1,1,-1,-1,-1,-1,-1,1,0,1,1,-1,1,1,-1,1,-1,1,1,1,-1],
[-1,1,-1,1,-1,-1,-1,-1,-1,1,1,-1,1,-1,-1,1,1,-1,1,1,1,1,1,-1,-1,1,-1,1,1,1,-1],
[1,-1,1,1,1,-1,1,1,1,1,1,1,-1,0,-1,-1,1,1,0,1,1,1,1,-1,-1,0,-1,1,0,1,-1],
[1,-1,1,1,1,-1,0,0,1,1,1,1,-1,-1,0,-1,1,1,0,1,1,1,1,1,1,-1,-1,1,0,1,-1],
[1,-1,1,-1,1,-1,1,1,-1,1,1,1,1,1,1,-1,1,1,0,1,1,1,1,1,1,1,-1,1,0,1,1],
[1,-1,1,1,1,1,1,1,1,1,1,1,-1,0,0,-1,1,1,0,1,1,1,1,1,1,-1,1,1,0,1,1],
[1,-1,1,1,1,1,0,1,-1,1,1,1,1,1,1,-1,1,1,0,1,1,1,1,-1,1,1,1,1,0,1,1],
[1,-1,1,1,1,-1,-1,-1,-1,-1,-1,1,1,-1,0,-1,-1,1,0,1,1,-1,1,-1,1,-1,-1,1,0,1,-1],
[1,-1,1,1,1,-1,0,0,-1,1,1,1,1,-1,0,-1,1,1,0,1,1,1,1,1,1,-1,-1,1,0,1,-1],
[1,1,1,1,1,-1,0,0,-1,1,1,1,1,-1,0,1,1,1,0,1,1,1,1,1,-1,1,-1,1,1,1,-1],
[1,-1,1,1,1,-1,-1,0,-1,1,1,1,-1,0,-1,-1,1,1,0,1,1,1,1,-1,1,1,-1,1,0,1,-1],
[1,-1,1,1,1,-1,1,1,-1,-1,-1,1,-1,1,0,-1,-1,1,0,1,1,-1,-1,1,-1,1,-1,1,0,1,1],
[1,1,1,1,1,-1,-1,1,-1,1,1,1,1,0,0,1,1,1,0,1,1,1,1,1,-1,1,1,1,0,1,1],
[1,-1,1,1,1,1,-1,1,1,-1,-1,1,-1,1,0,-1,-1,1,0,1,1,-1,-1,-1,1,-1,-1,1,0,1,1],
[1,-1,1,1,1,-1,-1,1,1,1,1,1,1,0,0,-1,1,1,0,1,1,1,1,-1,-1,-1,-1,1,1,1,1],
[1,-1,1,1,1,-1,-1,-1,1,1,1,1,-1,-1,-1,-1,1,1,0,1,1,1,1,-1,-1,-1,-1,1,0,1,-1],
[1,-1,1,-1,1,-1,0,-1,-1,1,1,1,1,-1,0,-1,1,1,0,1,1,1,1,-1,-1,-1,-1,1,1,1,-1],
[1,1,1,1,1,-1,-1,1,-1,-1,-1,1,1,0,1,1,-1,1,0,1,1,-1,-1,1,-1,1,-1,1,1,1,1],
[1,1,1,1,1,-1,0,1,-1,1,1,1,1,0,0,1,1,1,0,1,1,1,1,-1,-1,1,1,1,0,1,1],
[1,1,1,1,1,-1,0,-1,-1,1,1,1,1,-1,0,1,1,1,0,1,1,1,1,-1,-1,0,-1,1,1,1,-1],
[1,-1,1,1,1,-1,-1,-1,-1,1,1,1,1,-1,-1,-1,1,1,0,1,1,1,1,-1,1,0,-1,1,0,1,-1],
[1,-1,1,1,1,-1,1,1,1,1,1,1,1,0,-1,-1,1,1,0,1,1,1,1,1,-1,0,-1,1,1,1,1],
[1,-1,1,1,1,-1,1,1,-1,1,1,1,1,0,1,-1,1,1,0,1,1,1,1,1,-1,1,1,1,1,1,1],
[1,-1,1,1,1,-1,-1,-1,-1,1,1,1,1,-1,-1,-1,1,1,0,1,1,1,1,-1,-1,-1,-1,1,1,1,-1],
[-1,1,-1,1,-1,-1,-1,-1,-1,1,1,-1,1,-1,0,1,1,-1,1,1,1,1,1,-1,-1,1,-1,1,1,1,-1],
[1,1,1,1,1,-1,-1,-1,-1,1,1,1,1,-1,-1,1,1,1,0,1,1,1,1,-1,-1,0,-1,1,0,1,-1],
[1,-1,1,1,1,-1,0,0,1,1,1,1,-1,-1,1,-1,1,1,0,1,1,1,1,1,-1,-1,-1,1,1,1,-1],
[-1,-1,-1,1,-1,-1,-1,-1,1,-1,-1,-1,-1,-1,1,-1,-1,-1,1,1,1,-1,-1,-1,-1,0,-1,1,1,1,-1],
[-1,1,-1,1,-1,-1,1,1,-1,1,1,-1,1,0,0,1,1,-1,1,1,1,1,1,1,-1,0,-1,1,1,1,-1],
[1,-1,1,1,1,-1,1,1,-1,1,1,1,1,1,1,-1,1,1,0,1,1,1,1,1,1,1,-1,1,0,1,1],
[1,1,1,1,1,-1,-1,-1,-1,1,1,1,1,-1,-1,1,1,1,0,1,1,1,1,-1,-1,-1,-1,1,0,1,-1],
[1,-1,1,1,1,-1,0,0,1,1,1,1,-1,-1,-1,-1,1,1,0,1,1,1,1,1,-1,0,-1,1,1,1,-1],
[1,-1,1,1,1,-1,-1,1,-1,1,1,1,1,0,0,-1,1,1,0,1,1,1,1,-1,-1,0,-1,1,0,1,-1],
[1,-1,1,1,1,-1,0,-1,1,1,1,1,-1,0,1,-1,1,1,0,1,1,1,1,-1,1,1,-1,1,0,1,1],
[1,1,1,1,1,-1,0,-1,-1,1,1,1,1,-1,0,1,1,1,0,1,1,1,1,-1,-1,-1,-1,1,0,1,-1],
[1,-1,1,1,1,-1,0,1,-1,1,1,1,-1,0,0,-1,1,1,0,1,1,1,1,-1,1,1,1,1,0,1,1],
[1,-1,1,1,1,-1,0,1,-1,1,1,1,1,0,0,-1,1,1,0,1,1,1,1,-1,-1,0,-1,1,1,1,-1],
[1,1,1,1,1,-1,1,1,-1,1,1,1,1,1,-1,1,1,1,0,1,1,1,1,1,-1,1,-1,1,1,1,1],
[1,-1,1,1,1,-1,-1,1,-1,-1,-1,1,1,0,0,-1,-1,1,0,1,1,-1,1,1,-1,1,-1,1,0,1,1],
[1,-1,1,1,1,1,-1,1,-1,1,1,1,1,1,1,-1,1,1,0,1,1,1,1,1,-1,1,-1,1,1,1,1],
[-1,-1,-1,1,-1,-1,0,1,-1,1,1,-1,1,0,1,-1,1,-1,1,1,1,1,1,1,-1,1,1,1,1,1,1],
[1,1,1,-1,1,-1,-1,-1,-1,1,1,1,1,0,1,1,1,1,0,1,1,1,1,1,-1,1,-1,1,0,1,-1],
[1,-1,1,1,1,-1,0,-1,1,1,1,1,-1,-1,-1,-1,1,1,0,1,1,1,1,-1,-1,-1,-1,1,0,1,-1],
[1,-1,1,1,1,-1,0,-1,-1,1,1,1,-1,0,0,-1,1,1,0,1,1,1,1,1,1,1,-1,1,1,1,1],
[1,-1,1,1,1,-1,0,0,1,1,1,1,1,-1,-1,-1,1,1,0,1,1,1,1,1,-1,-1,-1,1,1,1,-1],
[-1,-1,-1,1,-1,-1,0,1,1,1,1,-1,-1,0,1,-1,1,-1,1,1,1,1,1,1,1,1,-1,1,1,1,1],
[1,-1,1,1,1,-1,-1,1,-1,1,1,1,-1,0,0,-1,1,1,0,1,1,1,1,1,1,1,1,1,0,1,1],
[1,-1,1,1,1,-1,-1,-1,1,1,1,1,-1,-1,-1,-1,1,1,0,1,1,1,1,-1,-1,0,-1,1,0,1,-1],
[1,-1,1,1,1,-1,0,1,1,1,1,1,-1,0,0,-1,1,1,0,1,1,1,1,1,1,1,-1,1,1,1,1],
[-1,1,-1,1,-1,1,-1,1,-1,1,1,-1,1,1,0,1,1,-1,1,1,1,1,1,1,1,1,-1,1,1,1,1],
[1,1,1,1,1,1,0,1,-1,1,1,1,1,1,-1,1,1,1,0,1,1,1,1,-1,1,1,1,1,1,1,1],
[1,-1,1,1,1,-1,-1,1,-1,1,1,1,1,0,-1,-1,1,1,0,1,1,1,1,1,1,0,-1,1,1,1,1],
[1,-1,1,1,1,-1,0,0,-1,-1,-1,1,1,-1,-1,-1,-1,1,0,-1,1,-1,1,1,-1,1,-1,1,1,-1,-1],
[1,-1,1,1,1,-1,-1,1,1,1,1,1,1,0,0,-1,1,1,0,1,1,1,1,1,1,1,-1,1,0,1,1],
[-1,-1,-1,1,-1,1,1,1,-1,1,1,-1,1,1,0,-1,1,-1,1,1,1,1,1,1,1,1,1,1,1,1,1],
[1,-1,1,1,1,-1,0,1,-1,-1,-1,1,1,1,1,-1,-1,1,0,-1,1,-1,1,-1,1,1,-1,1,1,-1,1],
[1,1,1,1,1,1,-1,1,-1,1,1,1,1,1,0,1,1,1,0,1,1,1,1,-1,-1,1,-1,1,1,1,1],
[1,-1,1,-1,1,-1,-1,1,1,1,1,1,1,0,1,-1,1,1,0,1,1,1,1,-1,1,1,1,1,0,1,1],
[1,-1,1,1,1,-1,1,1,-1,-1,-1,1,1,0,-1,-1,-1,1,0,-1,1,-1,1,-1,-1,0,-1,1,0,-1,1],
[1,-1,1,1,1,-1,0,1,-1,-1,-1,1,-1,1,1,-1,-1,1,0,1,1,-1,1,-1,-1,1,-1,1,1,1,1],
[1,1,1,1,1,-1,0,1,-1,1,1,1,1,0,0,1,1,1,0,1,1,1,1,-1,-1,1,-1,1,0,1,1],
[1,-1,1,1,1,-1,-1,-1,-1,1,1,1,-1,0,0,-1,1,1,0,1,1,1,1,-1,-1,0,-1,1,0,1,-1],
[1,-1,1,1,1,-1,1,1,1,1,1,1,-1,0,0,-1,1,1,0,1,1,1,1,1,1,1,-1,1,0,1,1],
[1,1,1,1,1,-1,0,-1,-1,1,1,1,1,-1,1,1,1,1,0,1,1,1,1,-1,-1,-1,-1,1,1,1,-1],
[1,-1,1,1,1,-1,0,0,-1,1,1,1,-1,-1,-1,-1,1,1,0,1,1,1,1,1,-1,-1,-1,1,1,1,-1],
[1,-1,1,1,1,-1,-1,1,1,1,1,1,1,0,-1,-1,1,1,0,1,1,1,1,1,-1,1,-1,1,1,1,1],
[1,1,1,1,1,-1,-1,1,-1,1,1,1,1,1,1,1,1,1,0,1,1,1,1,1,-1,1,-1,1,1,1,1],
[1,-1,1,1,1,-1,-1,1,1,1,1,1,1,1,0,-1,1,1,0,1,1,1,1,1,1,1,1,1,0,1,1],
[1,-1,1,-1,1,-1,-1,-1,-1,1,1,1,-1,-1,0,-1,1,1,0,1,1,1,1,-1,-1,-1,-1,1,0,1,-1],
[1,1,1,1,1,-1,0,0,-1,1,1,1,1,-1,-1,1,1,1,0,1,1,1,1,1,1,0,-1,1,0,1,-1],
[1,-1,1,1,1,-1,1,-1,1,1,1,1,-1,0,0,-1,1,1,0,1,1,1,1,-1,-1,1,-1,1,1,1,1],
[1,-1,1,1,1,-1,1,-1,1,1,1,1,-1,0,0,-1,1,1,0,1,1,1,1,1,-1,1,-1,1,1,1,-1],
[1,-1,1,1,1,1,1,1,-1,1,1,1,1,0,-1,-1,1,1,0,1,1,1,1,1,1,1,-1,1,0,1,1],
[1,-1,1,1,1,-1,-1,1,-1,1,1,1,1,1,0,-1,1,1,0,1,1,1,1,1,1,1,1,1,0,1,1],
[1,-1,1,1,1,-1,-1,1,-1,1,1,1,1,1,0,-1,1,1,0,1,1,1,1,1,1,1,1,1,0,1,1],
[1,-1,1,1,1,-1,0,1,-1,1,1,1,1,0,0,-1,1,1,0,1,1,1,1,-1,1,0,-1,1,0,1,-1],
[1,-1,1,1,1,-1,-1,1,-1,1,1,1,1,1,0,-1,1,1,0,1,1,1,1,1,-1,-1,1,1,1,1,1],
[1,1,1,1,1,1,-1,1,-1,-1,-1,1,1,1,-1,1,-1,1,0,1,1,-1,-1,1,1,1,-1,1,0,-1,1],
[1,-1,1,1,1,-1,1,1,-1,1,1,1,1,0,1,-1,1,1,0,1,1,1,1,1,-1,1,-1,1,0,1,1],
[1,-1,1,1,1,-1,-1,1,-1,1,1,1,1,0,-1,-1,1,1,0,1,1,1,1,1,1,0,-1,1,0,1,-1],
[1,-1,1,1,1,-1,0,0,-1,1,1,1,-1,-1,-1,-1,1,1,0,1,1,1,1,1,-1,-1,-1,1,1,1,-1],
[1,-1,1,1,1,-1,-1,1,1,1,1,1,-1,-1,-1,-1,1,1,0,1,1,1,1,-1,1,-1,-1,1,0,1,-1],
[1,-1,1,1,1,-1,-1,-1,-1,-1,-1,1,-1,-1,0,-1,-1,1,0,1,1,-1,-1,-1,1,0,-1,1,0,-1,-1],
[1,1,1,1,1,-1,0,0,-1,1,1,1,-1,-1,-1,1,1,1,0,1,1,1,1,1,-1,-1,-1,1,1,1,-1],
[1,-1,1,1,1,-1,1,1,-1,1,1,1,1,0,0,-1,1,1,0,1,1,1,1,1,1,1,1,1,0,1,1],
[1,-1,1,1,1,-1,0,-1,-1,1,1,1,1,1,1,-1,1,1,0,1,1,1,1,1,1,1,1,1,0,1,1],
[1,-1,1,1,1,-1,1,-1,1,1,1,1,1,0,0,-1,1,1,0,1,1,1,1,1,-1,-1,1,1,1,1,1],
[1,1,1,1,1,1,1,1,-1,1,1,1,1,1,0,1,1,1,0,1,1,1,1,1,1,1,-1,1,0,1,1],
[-1,-1,-1,1,-1,-1,-1,-1,-1,1,1,-1,1,-1,-1,-1,1,-1,1,1,1,1,1,-1,-1,1,-1,1,1,1,-1],
[1,-1,1,1,1,-1,0,0,1,-1,-1,1,1,-1,0,-1,-1,1,0,1,1,-1,1,1,-1,0,-1,1,0,-1,-1],
[1,-1,1,1,1,-1,-1,-1,-1,1,1,1,1,-1,0,-1,1,1,0,1,1,1,1,-1,-1,0,-1,1,1,1,-1],
[-1,1,-1,1,-1,-1,-1,1,-1,1,1,-1,1,0,-1,1,1,-1,1,1,1,1,1,1,-1,0,-1,1,1,1,1],
[1,-1,1,1,1,-1,0,1,-1,1,1,1,-1,1,0,-1,1,1,0,1,1,1,1,-1,1,1,-1,1,0,1,1],
[1,-1,1,1,1,-1,-1,1,-1,1,1,1,1,1,-1,-1,1,1,0,1,1,1,1,-1,1,0,-1,1,0,1,1],
[1,-1,1,1,1,-1,1,1,1,1,1,1,1,0,-1,-1,1,1,0,1,1,1,1,1,-1,1,1,1,1,1,1],
[1,-1,1,1,1,-1,0,1,-1,1,1,1,1,0,-1,-1,1,1,0,1,1,1,1,-1,1,1,1,1,0,1,1],
[1,-1,1,1,1,-1,-1,-1,1,-1,-1,1,1,-1,0,-1,-1,1,0,1,1,-1,1,-1,-1,0,-1,1,0,-1,-1],
[1,1,1,1,1,-1,1,1,-1,1,1,1,1,0,0,1,1,1,0,1,1,1,1,1,-1,1,-1,1,0,1,1],
[1,-1,1,1,1,-1,0,0,-1,1,1,1,1,-1,0,-1,1,1,0,1,1,1,1,1,1,0,-1,1,0,1,-1],
[1,-1,1,1,1,1,-1,1,-1,1,1,1,1,0,-1,-1,1,1,0,1,1,1,1,1,-1,1,-1,1,1,1,1],
[1,-1,1,1,1,1,-1,1,-1,1,1,1,1,1,0,-1,1,1,0,1,1,1,1,1,1,1,-1,1,0,1,1],
[1,-1,1,1,1,1,1,1,1,1,1,1,-1,1,1,-1,1,1,0,1,1,1,1,1,1,1,-1,1,0,1,1],
[1,-1,1,1,1,-1,-1,1,1,-1,-1,1,-1,1,1,-1,-1,1,0,1,1,-1,1,1,-1,1,1,1,1,-1,1],
[1,-1,1,-1,1,-1,1,1,-1,1,1,1,1,1,1,-1,1,1,0,1,1,1,1,1,1,1,-1,1,0,1,1],
[1,1,1,-1,1,-1,0,0,1,1,1,1,-1,-1,0,1,1,1,0,1,1,1,1,1,1,-1,-1,1,0,1,-1],
[1,-1,1,1,1,-1,-1,1,1,1,1,1,-1,0,-1,-1,1,1,0,1,1,1,1,-1,1,1,-1,1,0,1,-1],
[1,-1,1,1,1,-1,0,0,-1,1,1,1,1,-1,0,-1,1,1,0,1,1,1,1,1,-1,-1,-1,-1,1,1,-1],
[1,-1,1,1,1,-1,-1,1,-1,-1,-1,1,1,0,1,-1,-1,1,0,1,-1,-1,-1,1,-1,1,1,1,1,-1,1],
[1,-1,1,1,1,-1,0,-1,1,1,1,1,-1,-1,-1,-1,1,1,0,1,1,1,1,-1,-1,-1,-1,-1,0,1,-1],
[1,1,1,1,1,-1,-1,1,1,1,1,1,1,0,0,1,1,1,0,1,1,1,1,1,-1,0,-1,1,1,1,1],
[1,1,1,1,1,-1,1,1,-1,1,1,1,1,0,1,1,1,1,0,1,1,1,1,1,1,1,-1,1,0,1,1],
[1,-1,1,1,1,-1,1,1,-1,1,1,1,1,0,1,-1,1,1,0,1,1,1,1,1,-1,0,-1,1,1,1,1],
[-1,-1,-1,1,-1,1,-1,1,-1,1,1,-1,1,0,0,-1,1,-1,1,1,1,1,1,1,-1,1,-1,1,1,1,1],
[1,-1,1,1,1,-1,0,1,-1,-1,-1,1,1,0,0,-1,-1,1,0,1,1,-1,-1,-1,-1,1,1,1,1,-1,1],
[1,-1,1,1,1,-1,1,1,-1,1,1,1,1,0,-1,-1,1,1,0,1,1,1,1,1,1,1,-1,1,0,1,1],
[-1,1,-1,1,-1,-1,-1,1,-1,1,1,-1,1,1,-1,1,1,-1,1,1,1,1,1,-1,-1,1,-1,1,1,1,1],
[1,-1,1,1,1,-1,0,-1,1,1,1,1,1,0,-1,-1,1,1,0,1,1,1,1,-1,1,1,-1,1,0,1,1],
[1,-1,1,1,1,-1,-1,1,1,1,1,1,1,0,-1,-1,1,1,0,1,1,1,1,-1,-1,1,-1,1,1,1,1],
[1,1,1,1,1,1,-1,1,-1,-1,-1,1,1,1,-1,1,-1,1,0,1,1,-1,-1,-1,1,1,-1,1,0,-1,1],
[1,-1,1,-1,1,1,1,1,-1,1,1,1,1,0,1,-1,1,1,0,1,1,1,1,1,1,1,-1,1,0,1,1],
[1,1,1,1,1,-1,0,1,-1,1,1,1,1,0,-1,1,1,1,0,1,1,1,1,-1,1,1,-1,1,0,1,1],
[1,-1,1,1,1,-1,-1,-1,1,-1,-1,1,-1,-1,0,-1,-1,1,0,1,1,-1,1,-1,-1,-1,-1,-1,0,-1,-1],
[1,-1,1,1,1,-1,-1,-1,1,-1,-1,1,-1,0,0,-1,-1,1,0,1,1,-1,1,-1,1,-1,-1,-1,0,-1,-1],
[1,1,1,1,1,-1,1,1,-1,-1,-1,1,1,1,-1,1,-1,1,0,1,1,-1,1,1,1,1,-1,1,1,-1,1],
[1,-1,1,1,1,1,-1,1,-1,1,1,1,1,0,0,-1,1,1,0,1,1,1,1,1,1,1,1,1,1,1,1],
[1,-1,1,1,1,-1,0,1,-1,1,1,1,-1,0,1,-1,1,1,0,1,1,1,1,-1,1,0,-1,1,0,1,-1],
[1,1,1,1,1,-1,-1,1,-1,1,1,1,1,-1,-1,1,1,1,0,1,1,1,1,-1,1,0,-1,1,0,1,-1],
[1,-1,1,1,1,-1,-1,-1,1,1,1,1,-1,0,-1,-1,1,1,0,1,1,1,1,-1,-1,0,-1,1,0,1,-1],
[1,-1,1,1,1,-1,1,1,1,1,1,1,1,0,1,-1,1,1,0,1,1,1,1,1,1,1,1,1,0,1,1],
[1,-1,1,1,1,-1,-1,1,1,1,1,1,1,1,1,-1,1,1,0,1,1,1,1,1,1,1,1,1,0,1,1],
[1,-1,1,1,1,-1,-1,1,-1,1,1,1,1,0,0,-1,1,1,0,1,1,1,1,1,1,1,-1,1,0,1,1],
[1,-1,1,1,1,1,-1,1,-1,-1,-1,1,1,0,1,-1,-1,1,0,1,1,-1,-1,1,1,1,-1,1,1,-1,1],
[1,-1,1,1,1,-1,1,1,-1,-1,-1,1,1,0,-1,-1,-1,1,0,1,-1,-1,-1,1,1,1,-1,1,0,-1,1],
[1,-1,1,1,1,-1,-1,-1,-1,1,1,1,-1,-1,-1,-1,1,1,0,1,1,1,1,-1,-1,-1,-1,1,0,1,-1],
[1,1,1,1,1,-1,-1,1,-1,-1,-1,1,1,0,-1,1,-1,1,0,1,1,-1,1,-1,1,1,-1,1,1,-1,1],
[1,-1,1,1,1,-1,-1,1,-1,1,1,1,1,1,0,-1,1,1,0,1,1,1,1,-1,1,1,1,-1,0,1,1],
[1,-1,1,1,1,-1,0,-1,-1,1,1,1,-1,-1,-1,-1,1,1,0,1,1,1,1,-1,-1,0,-1,-1,0,1,-1],
[1,-1,1,1,1,-1,-1,1,-1,1,1,1,1,0,-1,-1,1,1,0,1,1,1,1,1,1,0,-1,-1,0,1,1],
[1,1,1,1,1,1,1,1,-1,1,1,1,1,0,-1,1,1,1,0,1,1,1,1,1,1,0,-1,-1,0,1,1],
[-1,-1,-1,1,-1,-1,1,1,-1,1,1,-1,-1,0,-1,-1,1,-1,1,1,1,1,1,1,1,1,-1,1,1,1,1],
[1,-1,1,1,1,-1,1,1,-1,1,1,1,1,0,1,-1,1,1,0,1,1,1,1,1,1,-1,-1,1,1,1,1],
[1,-1,1,1,1,-1,0,1,-1,1,1,1,-1,0,-1,-1,1,1,0,1,1,1,1,-1,1,1,1,1,0,1,1],
[1,1,1,-1,1,-1,1,1,-1,1,1,1,-1,0,1,1,1,1,0,1,1,1,1,1,1,1,1,1,0,1,1],
[1,-1,1,1,1,-1,0,-1,-1,1,1,1,1,1,0,-1,1,1,0,1,1,1,1,1,1,1,-1,1,0,1,1],
[1,1,1,-1,1,-1,0,-1,-1,1,1,1,1,-1,0,1,1,1,0,1,1,1,1,-1,-1,-1,-1,-1,1,1,-1],
[1,-1,1,1,1,-1,-1,1,-1,1,1,1,1,0,1,-1,1,1,0,1,1,1,1,-1,1,0,-1,1,0,1,1],
[1,-1,1,1,1,1,1,1,1,1,1,1,-1,1,0,-1,1,1,0,1,1,1,1,1,1,-1,-1,1,1,1,1],
[1,-1,1,1,1,1,1,1,-1,1,1,1,1,0,0,-1,1,1,0,1,1,1,1,1,1,1,-1,1,0,1,1],
[1,-1,1,1,1,-1,1,-1,-1,1,1,1,1,0,0,-1,1,1,0,1,1,-1,1,1,1,0,-1,1,1,1,1],
[1,-1,1,1,1,-1,-1,-1,1,1,1,1,1,0,0,-1,1,1,0,1,1,1,1,-1,1,-1,-1,-1,0,1,-1],
[1,1,1,1,1,-1,-1,1,-1,1,1,1,1,1,0,1,1,1,0,1,1,1,1,1,1,1,-1,1,0,1,1],
[-1,-1,-1,1,-1,-1,-1,1,-1,1,1,-1,1,0,1,-1,1,-1,1,1,1,1,1,1,1,1,-1,1,1,1,1],
[1,-1,1,1,1,-1,1,1,-1,1,1,1,1,0,0,-1,1,1,0,1,1,1,1,1,-1,1,-1,1,0,1,1],
[1,-1,1,1,1,-1,-1,1,-1,1,1,1,1,0,-1,-1,1,1,0,1,1,1,1,1,1,1,-1,1,0,1,1],
[1,1,1,1,1,-1,-1,1,-1,1,1,1,1,0,0,1,1,1,0,1,1,1,1,-1,1,1,1,1,0,1,1],
[1,-1,1,1,1,-1,1,1,1,1,1,1,-1,0,0,-1,1,1,0,1,1,1,1,1,1,1,1,1,0,1,1],
[1,-1,1,1,1,1,1,1,-1,1,1,1,1,1,-1,-1,1,1,0,1,1,-1,1,1,1,1,-1,1,0,1,1],
[1,-1,1,1,1,-1,-1,-1,-1,1,1,1,1,0,0,-1,1,1,0,1,1,1,1,-1,1,1,-1,1,0,1,-1],
[1,-1,1,1,1,-1,-1,1,-1,1,1,1,1,0,-1,-1,1,1,0,1,1,1,1,1,-1,0,-1,1,1,1,1],
[1,-1,1,1,1,-1,0,1,-1,1,1,1,1,0,1,-1,1,1,0,1,1,1,1,-1,-1,1,-1,1,1,1,1],
[-1,-1,-1,1,-1,-1,1,1,1,1,1,-1,1,0,1,-1,1,-1,1,1,1,1,1,1,-1,1,-1,1,1,1,1],
[1,-1,1,1,1,-1,-1,-1,-1,1,1,1,1,-1,0,-1,1,1,0,1,1,1,1,-1,1,-1,-1,1,0,1,-1],
[1,-1,1,1,1,-1,-1,1,-1,1,1,1,1,0,-1,-1,1,1,0,1,1,1,1,1,-1,1,-1,-1,1,1,1],
[1,-1,1,1,1,-1,-1,-1,1,1,1,1,-1,-1,-1,-1,1,1,0,1,1,1,1,-1,1,-1,-1,1,0,1,-1],
[-1,-1,-1,1,-1,-1,-1,1,1,1,1,-1,1,0,1,-1,1,-1,1,1,1,1,1,1,-1,1,1,-1,1,1,1],
[1,-1,1,1,1,-1,-1,-1,-1,1,1,1,-1,0,-1,-1,1,1,0,1,1,1,1,-1,1,1,-1,1,0,1,-1],
[1,-1,1,1,1,-1,0,-1,-1,1,1,1,1,-1,0,-1,1,1,0,1,1,1,1,-1,1,1,-1,1,0,1,-1],
[1,-1,1,1,1,-1,-1,-1,-1,1,1,1,1,0,-1,-1,1,1,0,1,1,1,1,-1,-1,0,-1,1,0,1,-1],
[1,-1,1,1,1,-1,1,1,-1,1,1,1,1,0,-1,-1,1,1,0,1,1,1,1,1,1,0,-1,1,0,1,1],
[1,-1,1,-1,1,1,1,1,-1,1,1,1,1,1,1,-1,1,1,0,1,1,1,1,1,1,1,1,1,0,1,1],
[-1,-1,-1,1,-1,1,1,1,-1,1,1,-1,1,0,-1,-1,1,-1,1,1,1,1,1,1,-1,1,-1,1,1,1,1],
[1,-1,1,1,1,-1,-1,-1,-1,1,1,1,1,-1,-1,-1,1,1,0,1,1,1,1,1,-1,0,-1,1,1,1,-1],
[1,-1,1,1,1,-1,-1,-1,-1,-1,-1,1,1,-1,0,-1,-1,1,0,1,1,1,1,-1,-1,1,-1,1,0,-1,-1],
[1,1,1,1,1,-1,0,0,-1,-1,-1,1,1,-1,0,1,-1,1,0,1,1,1,1,1,-1,0,-1,1,1,-1,-1],
[1,1,1,1,1,-1,-1,-1,-1,1,1,1,1,-1,-1,1,1,1,0,1,1,1,1,-1,-1,0,-1,1,0,1,-1],
[1,-1,1,1,1,-1,-1,1,-1,-1,-1,1,-1,0,-1,-1,-1,1,0,1,1,1,1,1,-1,0,-1,1,1,-1,-1],
[1,-1,1,1,1,-1,1,1,-1,1,1,1,1,0,0,-1,1,1,0,1,1,1,1,-1,1,0,-1,1,0,1,1],
[1,-1,1,1,1,-1,0,-1,1,1,1,1,-1,-1,0,-1,1,1,0,1,1,1,1,-1,-1,0,-1,1,0,1,-1],
[1,-1,1,1,1,-1,-1,-1,1,1,1,1,-1,-1,0,-1,1,1,0,1,1,1,1,-1,1,-1,-1,1,0,1,-1],
[1,-1,1,1,1,-1,1,1,1,1,1,1,1,1,0,-1,1,1,0,1,1,1,1,1,1,1,-1,1,0,1,1],
[-1,-1,-1,1,-1,1,0,1,-1,1,1,-1,1,1,0,-1,1,-1,1,1,1,1,1,1,-1,1,-1,1,1,1,1],
[1,-1,1,1,1,1,0,-1,-1,1,1,1,1,1,1,-1,1,1,0,1,1,1,1,1,1,1,-1,1,0,1,1],
[-1,1,-1,1,-1,-1,0,0,-1,1,1,-1,-1,-1,1,1,1,-1,1,1,1,1,1,1,1,-1,-1,1,0,1,-1],
[1,-1,1,1,1,-1,1,1,-1,1,1,1,-1,0,0,-1,1,1,0,1,1,1,1,-1,-1,-1,-1,1,1,1,1],
[1,-1,1,1,1,-1,0,0,1,1,1,1,-1,-1,0,-1,1,1,0,1,1,1,1,1,1,0,-1,1,0,1,-1],
[1,-1,1,1,1,-1,-1,1,-1,1,1,1,1,0,0,-1,1,1,0,1,1,1,1,1,1,1,-1,1,0,1,1],
[1,-1,1,1,1,-1,-1,1,-1,-1,-1,1,1,0,-1,-1,-1,1,0,1,-1,-1,-1,1,-1,1,1,1,1,-1,1],
[1,-1,1,1,1,-1,0,1,1,1,1,1,-1,1,0,-1,1,1,0,1,1,1,1,-1,1,1,-1,1,0,1,1],
[1,1,1,1,1,-1,-1,-1,1,1,1,1,-1,-1,0,1,1,1,0,1,1,1,1,-1,-1,0,-1,1,1,1,-1],
[-1,-1,-1,1,-1,-1,0,-1,1,1,1,-1,-1,-1,1,-1,1,-1,1,1,1,1,1,-1,1,-1,-1,1,0,1,-1],
[1,-1,1,1,1,-1,-1,1,1,1,1,1,-1,-1,-1,-1,1,1,0,1,1,1,1,-1,1,1,-1,1,0,1,-1],
[-1,-1,-1,1,-1,-1,0,1,1,1,1,-1,-1,1,0,-1,1,-1,1,1,1,1,1,-1,-1,1,-1,1,1,1,1],
[1,-1,1,1,1,-1,0,-1,1,1,1,1,1,-1,-1,-1,1,1,0,1,1,1,1,-1,1,0,-1,-1,0,1,-1],
[1,-1,1,1,1,-1,-1,1,-1,1,1,1,1,1,1,-1,1,1,0,1,1,1,1,1,1,1,1,-1,0,1,1],
[1,-1,1,1,1,-1,-1,1,1,1,1,1,-1,0,-1,-1,1,1,0,1,1,1,1,-1,-1,1,-1,1,1,1,-1],
[1,1,1,1,1,-1,-1,-1,-1,1,1,1,-1,-1,0,1,1,1,0,1,1,1,1,-1,1,-1,-1,1,0,1,-1],
[1,-1,1,1,1,-1,1,1,-1,1,1,1,-1,0,1,-1,1,1,0,1,1,1,1,1,1,1,1,1,0,1,1],
[1,-1,1,1,1,-1,0,0,-1,1,1,1,1,-1,-1,-1,1,1,0,1,1,1,1,1,-1,-1,-1,1,1,1,-1],
[1,-1,1,1,1,-1,1,-1,-1,-1,-1,1,1,1,1,-1,-1,1,0,1,1,-1,1,1,-1,1,-1,1,1,-1,1],
[1,-1,1,1,1,-1,0,0,1,1,1,1,-1,0,0,-1,1,1,0,1,1,1,1,1,1,-1,-1,1,0,1,-1],
[-1,1,-1,1,-1,-1,0,0,-1,1,1,-1,1,-1,0,1,1,-1,1,1,1,1,1,1,-1,1,-1,1,1,1,-1],
[1,1,1,1,1,-1,0,0,-1,-1,-1,1,1,-1,0,1,-1,1,0,1,1,-1,1,1,1,0,-1,1,0,-1,-1],
[1,-1,1,1,1,-1,-1,-1,1,1,1,1,-1,0,-1,-1,1,1,0,1,1,1,1,1,-1,1,-1,1,1,1,1],
[1,-1,1,-1,1,-1,-1,-1,1,1,1,1,-1,-1,0,-1,1,1,0,1,1,1,1,-1,1,-1,-1,1,0,1,-1],
[1,-1,1,1,1,-1,1,1,1,1,1,1,-1,0,0,-1,1,1,0,1,1,1,1,1,1,1,1,1,0,1,1],
[1,-1,1,1,1,-1,-1,-1,1,1,1,1,-1,0,-1,-1,1,1,0,1,1,1,1,-1,1,1,-1,1,0,1,-1],
[1,1,1,1,1,-1,0,1,-1,-1,-1,1,1,0,0,1,-1,1,0,1,1,-1,1,-1,1,1,-1,1,0,-1,1],
[1,-1,1,1,1,-1,-1,-1,1,1,1,1,-1,-1,0,-1,1,1,0,1,1,1,1,-1,-1,0,-1,1,1,1,-1],
[1,-1,1,1,1,-1,-1,-1,-1,1,1,1,1,-1,0,-1,1,1,0,1,1,1,1,1,-1,-1,-1,1,0,1,-1],
[1,1,1,1,1,-1,-1,-1,-1,-1,-1,1,1,-1,0,1,-1,1,0,1,1,-1,1,-1,-1,1,-1,1,1,-1,-1],
[1,1,1,1,1,-1,0,0,-1,-1,-1,1,-1,-1,0,1,-1,1,0,1,1,-1,1,1,-1,-1,-1,1,0,-1,-1],
[1,-1,1,1,1,-1,0,-1,-1,1,1,1,1,-1,0,-1,1,1,0,1,1,-1,1,-1,-1,-1,-1,1,0,1,-1],
[1,-1,1,1,1,1,1,1,1,1,1,1,-1,1,-1,-1,1,1,0,1,1,-1,1,1,1,1,-1,1,0,1,1],
[1,-1,1,1,1,-1,-1,-1,1,1,1,1,-1,-1,0,-1,1,1,0,1,1,1,1,-1,-1,-1,-1,1,1,1,-1],
[1,-1,1,1,1,-1,-1,1,1,1,1,1,-1,0,0,-1,1,1,0,1,1,1,1,-1,-1,1,-1,1,1,1,1],
[-1,-1,-1,1,-1,-1,1,1,1,1,1,-1,-1,0,0,-1,1,-1,1,1,1,1,1,1,-1,1,-1,-1,1,1,1],
[1,-1,1,1,1,-1,-1,1,1,1,1,1,-1,0,0,-1,1,1,0,1,1,1,1,1,1,1,-1,-1,0,1,1],
[1,-1,1,1,1,-1,-1,-1,-1,-1,-1,1,-1,-1,0,-1,-1,1,0,1,1,-1,1,-1,-1,-1,-1,1,0,-1,-1],
[1,-1,1,1,1,1,-1,1,-1,-1,-1,1,-1,1,0,-1,-1,1,0,1,1,1,1,1,1,1,-1,1,0,-1,1],
[1,1,1,1,1,-1,-1,1,-1,-1,-1,1,1,0,-1,1,-1,1,0,1,1,-1,1,-1,-1,1,-1,1,1,-1,1],
[1,-1,1,1,1,1,-1,1,-1,-1,-1,1,-1,1,-1,-1,-1,1,0,1,1,-1,1,1,1,1,-1,1,0,-1,1],
[1,-1,1,1,1,1,1,1,-1,1,1,1,1,0,1,-1,1,1,0,1,1,1,1,1,-1,-1,-1,1,1,1,1],
[1,-1,1,1,1,-1,-1,-1,-1,-1,-1,1,1,0,-1,-1,-1,1,0,1,1,-1,1,-1,-1,0,-1,1,0,-1,-1],
[1,-1,1,1,1,1,0,1,-1,1,1,1,1,0,0,-1,1,1,0,1,1,-1,1,-1,-1,1,-1,1,1,1,1],
[1,-1,1,1,1,1,-1,1,-1,-1,-1,1,1,1,-1,-1,-1,1,0,1,1,-1,1,1,1,1,-1,1,1,-1,1],
[1,-1,1,1,1,-1,0,0,1,1,1,1,-1,-1,0,-1,1,1,0,1,1,1,1,1,-1,-1,-1,1,0,1,-1],
[1,-1,1,1,1,-1,-1,-1,-1,-1,-1,1,1,-1,-1,-1,-1,1,0,1,1,1,1,-1,-1,1,-1,1,1,-1,-1],
[1,-1,1,1,1,-1,1,1,-1,-1,-1,1,1,0,-1,-1,-1,1,0,1,1,1,1,1,1,1,-1,1,0,-1,1],
[1,1,1,1,1,-1,1,1,-1,-1,-1,1,1,1,0,1,-1,1,0,1,1,-1,1,1,1,1,1,1,1,-1,1],
[1,1,1,1,1,-1,1,1,-1,1,1,1,1,1,0,1,1,1,0,1,1,1,1,1,1,1,-1,1,0,1,1],
[1,-1,1,1,1,-1,-1,1,1,1,1,1,-1,0,0,-1,1,1,0,1,1,1,1,1,1,1,-1,1,0,1,1],
[1,1,1,1,1,1,-1,1,-1,1,1,1,1,1,0,1,1,1,0,1,1,1,1,-1,1,1,-1,1,0,1,1],
[1,-1,1,1,1,-1,0,0,-1,-1,-1,1,-1,-1,0,-1,-1,1,0,1,1,-1,1,1,-1,0,-1,1,0,-1,-1],
[1,-1,1,1,1,-1,1,1,1,1,1,1,-1,0,-1,-1,1,1,0,1,1,1,1,1,1,1,-1,-1,0,1,1],
[1,1,1,1,1,-1,-1,1,-1,-1,-1,1,1,0,0,1,-1,1,0,1,1,1,1,-1,1,1,1,1,0,-1,1],
[1,-1,1,1,1,-1,-1,1,-1,1,1,1,1,0,1,-1,1,1,0,1,1,1,1,1,1,1,-1,1,0,1,1],
[1,-1,1,1,1,-1,0,0,1,-1,-1,1,-1,-1,1,-1,-1,1,0,1,1,-1,1,1,-1,-1,-1,1,0,-1,-1],
[-1,-1,-1,1,-1,-1,-1,1,1,1,1,-1,-1,0,-1,-1,1,-1,1,1,1,1,1,1,1,1,1,1,1,1,1],
[1,-1,1,1,1,-1,0,0,1,-1,-1,1,-1,-1,1,-1,-1,1,0,1,1,-1,1,1,1,-1,-1,1,0,-1,-1],
[1,-1,1,1,1,-1,-1,-1,1,1,1,1,-1,0,-1,-1,1,1,0,1,1,1,1,-1,1,0,-1,1,0,1,-1],
[1,-1,1,1,1,-1,-1,-1,1,1,1,1,1,0,0,-1,1,1,0,1,1,1,1,-1,1,1,-1,1,1,1,-1],
[1,-1,1,1,1,-1,-1,1,-1,1,1,1,1,0,0,-1,1,1,0,1,1,1,1,-1,1,0,-1,1,0,1,1],
[1,-1,1,1,1,-1,-1,-1,-1,1,1,1,-1,0,-1,-1,1,1,0,1,1,1,1,-1,-1,1,-1,1,0,1,-1],
[1,1,1,-1,1,-1,-1,-1,-1,1,1,1,1,-1,0,1,1,1,0,1,1,1,1,-1,-1,-1,-1,1,0,1,-1],
[1,-1,1,1,1,-1,-1,-1,-1,-1,-1,1,-1,-1,0,-1,-1,1,0,1,1,-1,1,-1,-1,0,-1,1,1,-1,-1],
[-1,-1,-1,1,-1,-1,-1,-1,-1,-1,-1,-1,-1,-1,1,-1,-1,-1,1,1,1,-1,1,-1,-1,0,-1,1,1,-1,-1],
[1,-1,1,-1,1,1,-1,1,-1,1,1,1,1,1,1,-1,1,1,0,1,1,1,1,1,1,1,-1,1,0,1,1],
[1,-1,1,1,1,-1,-1,1,1,-1,-1,1,-1,0,0,-1,-1,1,0,1,1,-1,1,1,1,1,1,1,1,-1,1],
[1,-1,1,1,1,-1,1,1,-1,1,1,1,1,0,-1,-1,1,1,0,1,1,1,1,1,1,0,-1,1,0,1,-1],
[1,-1,1,1,1,-1,0,0,1,1,1,1,-1,-1,0,-1,1,1,0,1,1,1,1,1,1,-1,-1,-1,0,1,-1],
[1,-1,1,1,1,-1,1,1,-1,1,1,1,1,1,-1,-1,1,1,0,1,1,1,1,1,1,1,1,-1,1,1,1],
[-1,1,-1,1,-1,1,0,-1,-1,-1,-1,-1,1,1,1,1,-1,-1,1,1,-1,-1,-1,-1,1,0,-1,-1,1,-1,1],
[1,-1,1,1,1,-1,0,0,1,1,1,1,1,-1,0,-1,1,1,0,1,1,1,1,1,1,-1,-1,1,0,1,-1],
[1,-1,1,1,1,-1,-1,1,-1,1,1,1,1,0,-1,-1,1,1,0,1,1,1,1,-1,1,0,-1,1,0,1,-1],
[1,-1,1,1,1,-1,1,1,-1,1,1,1,-1,1,0,-1,1,1,0,1,1,1,1,1,1,-1,-1,-1,1,1,1],
[1,-1,1,1,1,-1,1,1,-1,1,1,1,1,0,0,-1,1,1,0,1,1,1,1,-1,-1,0,-1,-1,1,1,1],
[-1,-1,-1,1,-1,-1,0,-1,-1,-1,-1,-1,-1,-1,1,-1,-1,-1,1,1,1,-1,-1,-1,-1,1,-1,1,1,-1,-1],
[1,-1,1,1,1,-1,-1,-1,-1,1,1,1,1,-1,0,-1,1,1,0,1,1,1,1,-1,1,0,-1,1,0,1,-1],
[1,-1,1,1,1,-1,0,1,-1,1,1,1,1,0,1,-1,1,1,0,1,1,1,1,-1,1,1,1,1,0,1,1],
[1,-1,1,1,1,-1,-1,-1,-1,-1,-1,1,1,-1,0,-1,-1,1,0,-1,1,-1,1,-1,-1,0,-1,1,0,-1,-1],
[1,-1,1,1,1,-1,1,-1,1,1,1,1,-1,-1,-1,-1,1,1,0,1,1,1,1,-1,-1,-1,-1,1,0,1,-1],
[-1,1,-1,1,-1,-1,0,1,-1,-1,-1,-1,-1,0,1,1,-1,-1,1,-1,1,-1,1,-1,-1,-1,1,1,1,-1,1],
[1,-1,1,1,1,-1,1,1,1,1,1,1,-1,0,1,-1,1,1,0,1,1,1,1,1,1,1,-1,1,0,1,1],
[1,-1,1,1,1,-1,1,1,1,1,1,1,-1,-1,0,-1,1,1,0,1,1,1,1,1,-1,-1,-1,-1,0,1,-1],
[1,1,1,1,1,1,-1,1,-1,1,1,1,1,0,0,1,1,1,0,1,1,1,1,-1,-1,1,-1,1,1,1,1],
[1,-1,1,1,1,-1,-1,-1,1,1,1,1,-1,0,0,-1,1,1,0,1,1,1,1,1,-1,1,-1,-1,1,1,-1],
[1,-1,1,1,1,1,1,1,-1,1,1,1,1,0,1,-1,1,1,0,1,1,1,1,1,-1,1,-1,1,0,1,1],
[1,-1,1,1,1,-1,-1,1,1,1,1,1,-1,0,-1,-1,1,1,0,1,1,1,1,-1,-1,0,-1,1,0,1,-1],
[1,-1,1,1,1,-1,-1,-1,1,1,1,1,-1,-1,0,-1,1,1,0,1,1,1,1,-1,-1,0,-1,1,0,1,-1],
[1,-1,1,1,1,-1,0,0,1,-1,-1,1,-1,-1,-1,-1,-1,1,0,-1,1,-1,1,1,-1,1,-1,1,1,-1,-1],
[1,-1,1,1,1,-1,0,1,-1,1,1,1,-1,0,-1,-1,1,1,0,1,1,1,1,1,-1,1,-1,1,1,1,1],
[1,-1,1,1,1,-1,1,1,-1,1,1,1,-1,0,0,-1,1,1,0,1,1,1,1,1,1,1,1,1,0,1,1],
[1,-1,1,-1,1,-1,-1,-1,1,1,1,1,-1,-1,0,-1,1,1,0,1,1,1,1,-1,-1,-1,-1,-1,0,1,-1],
[1,-1,1,1,1,-1,-1,-1,1,1,1,1,-1,-1,-1,-1,1,1,0,1,1,1,1,-1,-1,0,-1,-1,0,1,-1],
[1,-1,1,1,1,-1,1,1,1,1,1,1,-1,0,-1,-1,1,1,0,1,1,1,1,1,1,-1,-1,1,0,1,1],
[1,-1,1,1,1,-1,0,0,1,1,1,1,-1,-1,0,-1,1,1,0,1,1,1,1,1,1,1,-1,-1,0,1,-1],
[1,-1,1,1,1,-1,1,1,-1,1,1,1,1,0,0,-1,1,1,0,1,1,1,1,1,1,1,1,-1,0,1,1],
[1,-1,1,1,1,-1,-1,-1,-1,1,1,1,1,-1,-1,-1,1,1,0,1,1,1,1,-1,1,1,-1,1,0,1,-1],
[1,-1,1,1,1,-1,0,1,1,1,1,1,-1,1,-1,-1,1,1,0,1,1,1,1,-1,-1,1,-1,1,1,1,1],
[1,-1,1,1,1,-1,1,1,1,1,1,1,-1,0,-1,-1,1,1,0,1,1,1,1,1,1,-1,1,1,0,1,1],
[1,-1,1,1,1,-1,-1,-1,-1,1,1,1,1,-1,-1,-1,1,1,0,1,1,1,1,-1,-1,-1,-1,1,1,1,-1],
[1,-1,1,1,1,1,-1,1,1,1,1,1,-1,0,1,-1,1,1,0,1,1,1,1,1,-1,1,-1,1,1,1,1],
[1,-1,1,1,1,-1,-1,1,-1,1,1,1,1,0,0,-1,1,1,0,1,1,1,1,1,1,0,-1,1,0,1,1],
[1,1,1,1,1,-1,-1,-1,1,1,1,1,1,0,0,1,1,1,0,1,1,1,1,1,-1,1,-1,-1,1,1,-1],
[-1,-1,-1,1,-1,-1,0,0,-1,-1,-1,-1,-1,-1,1,-1,-1,-1,1,-1,1,-1,1,1,-1,-1,-1,1,1,-1,-1],
[1,-1,1,1,1,-1,1,1,-1,1,1,1,1,0,0,-1,1,1,0,1,1,1,1,1,1,0,-1,1,0,1,1],
[1,-1,1,1,1,-1,-1,1,-1,1,1,1,1,0,0,-1,1,1,0,1,1,1,1,-1,-1,1,1,1,1,1,1],
[1,-1,1,1,1,-1,-1,1,-1,1,1,1,1,0,0,-1,1,1,0,1,1,1,1,-1,1,0,-1,1,0,1,-1],
[1,1,1,1,1,-1,0,1,-1,1,1,1,1,1,0,1,1,1,0,1,1,1,1,-1,1,1,-1,1,0,1,1],
[1,-1,1,1,1,-1,-1,-1,-1,1,1,1,1,0,-1,-1,1,1,0,1,1,1,1,-1,-1,-1,1,1,1,1,-1],
[1,-1,1,1,1,-1,-1,-1,-1,1,1,1,1,0,0,-1,1,1,0,1,1,1,1,-1,1,0,-1,1,0,1,-1],
[1,-1,1,1,1,-1,0,1,-1,-1,-1,1,1,0,-1,-1,-1,1,0,-1,1,-1,-1,-1,-1,1,1,1,1,-1,1],
[1,-1,1,1,1,-1,-1,1,-1,-1,-1,1,1,-1,1,-1,-1,1,0,-1,1,-1,-1,1,-1,1,-1,1,1,-1,1],
[1,-1,1,1,1,-1,1,1,1,-1,-1,1,-1,0,1,-1,-1,1,0,-1,1,-1,-1,1,-1,1,-1,1,1,-1,-1],
[-1,-1,-1,1,-1,-1,1,1,1,1,1,-1,-1,0,1,-1,1,-1,1,1,1,1,1,1,-1,-1,-1,1,0,1,1],
[1,-1,1,1,1,-1,1,1,-1,1,1,1,1,0,0,-1,1,1,0,1,1,1,1,1,-1,0,-1,1,0,1,-1],
[-1,-1,-1,1,-1,-1,0,-1,-1,-1,-1,-1,-1,-1,1,-1,-1,-1,1,-1,1,-1,1,-1,-1,0,-1,1,1,-1,-1],
[1,-1,1,1,1,-1,-1,1,-1,-1,-1,1,1,0,-1,-1,-1,1,0,-1,1,-1,1,-1,-1,1,1,1,1,-1,1],
[-1,-1,-1,1,-1,-1,0,1,-1,1,1,-1,1,0,0,-1,1,-1,1,1,1,1,1,1,-1,1,-1,1,1,1,1],
[1,-1,1,1,1,-1,1,1,-1,-1,-1,1,1,1,-1,-1,-1,1,0,-1,1,-1,1,1,1,1,-1,-1,0,-1,1],
[1,-1,1,1,1,-1,-1,-1,-1,1,1,1,-1,0,-1,-1,1,1,0,1,1,1,1,1,1,-1,1,1,0,1,-1],
[1,-1,1,1,1,-1,-1,1,1,1,1,1,1,0,0,-1,1,1,0,1,1,1,1,1,-1,-1,-1,1,1,1,1],
[1,-1,1,1,1,-1,-1,1,-1,1,1,1,-1,0,-1,-1,1,1,0,1,1,1,1,-1,1,1,-1,1,0,1,-1],
[1,-1,1,1,1,-1,-1,1,-1,-1,-1,1,1,1,-1,-1,-1,1,0,-1,1,-1,-1,-1,-1,1,1,1,0,-1,1],
[1,-1,1,1,1,-1,0,1,1,1,1,1,-1,-1,-1,-1,1,1,0,1,1,1,1,-1,-1,0,-1,1,0,1,-1],
[1,-1,1,1,1,-1,1,1,1,-1,-1,1,-1,1,-1,-1,-1,1,0,-1,1,-1,-1,1,1,1,-1,1,0,-1,1],
[1,-1,1,-1,1,1,1,1,-1,1,1,1,1,1,1,-1,1,1,0,1,1,1,1,1,1,1,-1,1,0,1,1],
[1,-1,1,1,1,-1,0,1,-1,1,1,1,1,0,-1,-1,1,1,0,1,1,1,1,-1,1,1,-1,1,0,1,1],
[1,1,1,1,1,-1,1,1,-1,1,1,1,1,1,-1,1,1,1,0,1,1,1,1,1,1,1,1,-1,0,1,1],
[1,-1,1,1,1,-1,-1,-1,-1,-1,-1,1,1,-1,0,-1,-1,1,0,-1,1,-1,-1,-1,-1,0,-1,1,1,-1,-1],
[1,1,1,1,1,-1,0,1,-1,1,1,1,1,1,1,1,1,1,0,1,1,1,1,-1,1,1,1,-1,0,1,1],
[1,1,1,1,1,1,-1,1,-1,-1,-1,1,1,0,-1,1,-1,1,0,-1,-1,-1,-1,1,-1,1,-1,1,1,-1,1],
[1,1,1,1,1,-1,0,1,-1,1,1,1,1,0,-1,1,1,1,0,1,1,1,1,-1,1,1,-1,1,0,1,1],
[1,-1,1,1,1,-1,1,-1,-1,1,1,1,1,-1,-1,-1,1,1,0,1,1,1,1,1,1,0,-1,1,0,1,-1],
[1,-1,1,1,1,-1,1,-1,-1,1,1,1,-1,-1,0,-1,1,1,0,1,1,1,1,1,1,-1,-1,1,0,1,-1],
[1,-1,1,1,1,1,0,1,1,-1,-1,1,-1,1,-1,-1,-1,1,0,-1,-1,-1,-1,-1,-1,1,-1,1,1,-1,1],
[1,-1,1,1,1,-1,-1,-1,-1,1,1,1,-1,0,0,-1,1,1,0,1,1,1,1,-1,-1,-1,1,1,1,1,-1],
[1,-1,1,1,1,-1,1,1,1,1,1,1,-1,-1,-1,-1,1,1,0,1,1,1,1,1,1,-1,-1,1,0,1,-1],
[1,-1,1,1,1,-1,-1,-1,1,1,1,1,1,0,-1,-1,1,1,0,1,1,1,1,-1,-1,1,-1,1,0,1,-1],
[1,-1,1,1,1,-1,1,1,-1,1,1,1,-1,0,0,-1,1,1,0,1,1,1,1,1,1,1,1,1,0,1,1],
[1,-1,1,1,1,-1,0,0,1,1,1,1,-1,0,0,-1,1,1,0,1,1,1,1,1,-1,-1,1,1,0,1,-1],
[1,-1,1,1,1,-1,-1,1,1,1,1,1,-1,0,-1,-1,1,1,0,1,1,1,1,-1,-1,1,-1,1,0,1,-1],
[1,-1,1,1,1,-1,0,-1,-1,1,1,1,-1,-1,0,-1,1,1,0,1,1,1,1,-1,-1,1,-1,-1,0,1,-1],
[1,1,1,1,1,-1,0,1,-1,1,1,1,1,0,1,1,1,1,0,1,1,1,1,-1,1,1,-1,1,0,1,1],
[1,-1,1,1,1,-1,0,0,1,1,1,1,-1,1,-1,-1,1,1,0,1,1,1,1,1,-1,-1,-1,-1,1,1,-1],
[1,1,1,1,1,-1,-1,1,-1,1,1,1,1,0,1,1,1,1,0,1,1,1,1,1,1,1,-1,1,0,1,1],
[1,-1,1,1,1,-1,1,1,-1,1,1,1,1,0,-1,-1,1,1,0,1,1,1,1,1,1,1,-1,1,0,1,1],
[1,-1,1,1,1,1,1,1,1,-1,-1,1,-1,1,0,-1,-1,1,0,-1,1,-1,-1,1,1,1,-1,1,0,-1,1],
[1,1,1,1,1,-1,0,0,-1,1,1,1,1,-1,0,1,1,1,0,1,1,1,1,1,-1,0,-1,1,0,1,-1],
[1,-1,1,1,1,-1,1,1,-1,1,1,1,1,0,-1,-1,1,1,0,1,1,1,1,1,-1,0,-1,1,0,1,-1],
[1,-1,1,1,1,-1,1,1,-1,1,1,1,-1,1,0,-1,1,1,0,1,1,1,1,1,1,1,-1,1,0,1,1],
[1,-1,1,1,1,-1,-1,-1,-1,1,1,1,-1,-1,-1,-1,1,1,0,1,1,1,1,-1,-1,-1,-1,1,0,1,-1],
[1,-1,1,1,1,-1,0,-1,1,1,1,1,-1,-1,-1,-1,1,1,0,1,1,1,1,-1,-1,-1,-1,-1,1,1,-1],
[1,-1,1,1,1,-1,0,-1,-1,-1,-1,1,1,-1,0,-1,-1,1,0,-1,1,-1,-1,-1,-1,-1,-1,1,0,-1,-1],
[1,-1,1,1,1,-1,0,-1,1,1,1,1,-1,0,-1,-1,1,1,0,1,1,1,1,-1,-1,1,-1,1,1,1,1],
[1,-1,1,1,1,-1,-1,-1,-1,1,1,1,-1,1,0,-1,1,1,0,1,1,1,1,-1,-1,-1,-1,-1,1,1,-1],
[1,-1,1,1,1,-1,-1,1,-1,1,1,1,1,0,-1,-1,1,1,0,1,1,1,1,-1,1,0,-1,1,0,1,1],
[1,-1,1,-1,1,-1,1,1,-1,1,1,1,1,0,1,-1,1,1,0,1,1,1,1,1,1,1,1,1,0,1,1],
[1,-1,1,1,1,-1,-1,-1,1,1,1,1,-1,0,-1,-1,1,1,0,1,1,1,1,-1,1,1,-1,-1,0,1,-1],
[1,-1,1,1,1,-1,-1,-1,1,1,1,1,-1,-1,0,-1,1,1,0,1,1,1,1,-1,-1,-1,-1,-1,1,1,-1],
[1,-1,1,1,1,-1,1,1,-1,1,1,1,1,0,0,-1,1,1,0,1,1,1,1,1,1,0,-1,1,0,1,1],
[1,1,1,1,1,-1,1,1,-1,1,1,1,1,0,0,1,1,1,0,1,1,1,1,1,1,-1,1,1,0,1,1],
[1,-1,1,1,1,-1,-1,-1,1,1,1,1,-1,-1,-1,-1,1,1,0,1,1,1,1,-1,-1,0,-1,1,1,1,-1],
[1,-1,1,1,1,-1,1,1,1,1,1,1,-1,-1,-1,-1,1,1,0,1,1,1,1,1,-1,-1,-1,1,1,1,-1],
[1,1,1,1,1,-1,-1,-1,-1,1,1,1,1,-1,0,1,1,1,0,1,1,1,1,-1,1,-1,-1,1,0,1,-1],
[1,-1,1,1,1,-1,0,-1,-1,1,1,1,-1,1,1,-1,1,1,0,1,1,1,1,-1,-1,-1,-1,1,1,1,1],
[1,-1,1,1,1,-1,0,0,-1,1,1,1,1,-1,0,-1,1,1,0,1,1,1,1,1,1,-1,-1,1,0,1,-1],
[-1,-1,-1,1,-1,-1,1,-1,-1,1,1,-1,1,0,0,-1,1,-1,1,1,1,1,1,1,1,1,1,1,1,1,1],
[1,-1,1,1,1,1,-1,1,1,-1,-1,1,-1,0,1,-1,-1,1,0,-1,1,-1,-1,1,1,1,-1,1,1,-1,1],
[1,-1,1,1,1,-1,-1,1,-1,1,1,1,-1,0,-1,-1,1,1,0,1,1,1,1,-1,1,0,-1,-1,0,1,-1],
[1,-1,1,1,1,-1,0,-1,-1,1,1,1,1,-1,0,-1,1,1,0,1,1,1,1,-1,1,0,-1,-1,1,1,-1],
[1,-1,1,1,1,-1,-1,-1,1,1,1,1,-1,-1,-1,-1,1,1,0,1,1,1,1,-1,1,0,-1,-1,0,1,-1],
[1,-1,1,1,1,-1,1,1,-1,1,1,1,1,1,0,-1,1,1,0,1,1,1,1,1,1,0,-1,1,0,1,1],
[1,-1,1,-1,1,-1,1,1,1,1,1,1,1,0,1,-1,1,1,0,1,1,1,1,1,1,1,1,1,0,1,1],
[1,-1,1,-1,1,1,-1,1,1,1,1,1,-1,1,1,-1,1,1,0,1,1,1,1,1,1,1,1,1,0,1,1],
[-1,-1,-1,1,-1,-1,0,-1,1,-1,-1,-1,-1,-1,1,-1,-1,-1,1,-1,1,-1,-1,-1,-1,-1,-1,-1,1,-1,-1],
[1,-1,1,1,1,-1,1,1,-1,1,1,1,1,1,0,-1,1,1,0,1,1,1,1,1,1,1,1,1,0,1,1],
[1,-1,1,1,1,-1,0,-1,1,1,1,1,-1,-1,-1,-1,1,1,0,1,1,1,1,-1,-1,0,-1,-1,0,1,-1],
[1,-1,1,1,1,-1,-1,-1,1,1,1,1,-1,-1,-1,-1,1,1,0,1,1,1,1,-1,-1,-1,-1,-1,1,1,-1],
[-1,-1,-1,1,-1,-1,-1,1,-1,1,1,-1,1,1,0,-1,1,-1,1,1,1,1,1,1,1,1,-1,1,1,1,1],
[1,-1,1,1,1,-1,1,-1,1,1,1,1,-1,0,-1,-1,1,1,0,1,1,1,1,-1,-1,1,-1,1,0,1,-1],
[1,-1,1,1,1,-1,-1,-1,-1,-1,-1,1,1,0,1,-1,-1,1,0,-1,1,-1,-1,1,1,0,-1,1,1,-1,1],
[1,1,1,1,1,-1,-1,-1,-1,1,1,1,1,-1,-1,1,1,1,0,1,1,1,1,-1,-1,-1,-1,1,0,1,-1],
[1,-1,1,1,1,-1,0,0,1,-1,-1,1,1,-1,0,-1,-1,1,0,-1,1,-1,-1,1,1,0,-1,-1,0,-1,-1],
[1,-1,1,1,1,-1,1,1,-1,1,1,1,-1,1,-1,-1,1,1,0,1,1,1,1,1,1,1,-1,-1,0,1,1],
[1,-1,1,1,1,-1,-1,-1,1,-1,-1,1,-1,0,0,-1,-1,1,0,-1,-1,-1,-1,-1,1,-1,-1,1,0,-1,-1],
[1,-1,1,1,1,1,-1,1,-1,-1,-1,1,1,1,1,-1,-1,1,0,-1,-1,-1,-1,1,1,1,-1,1,1,-1,1],
[1,-1,1,1,1,1,1,1,-1,1,1,1,1,1,1,-1,1,1,0,1,1,1,1,1,1,1,-1,1,0,1,1],
[1,-1,1,1,1,-1,1,1,-1,1,1,1,1,1,0,-1,1,1,0,1,1,1,1,1,1,0,-1,1,0,1,1],
[1,-1,1,1,1,-1,0,1,-1,1,1,1,1,0,1,-1,1,1,0,1,1,1,1,-1,1,1,1,1,1,1,1],
[1,-1,1,1,1,1,-1,1,-1,1,1,1,1,0,0,-1,1,1,0,1,1,1,1,1,1,1,-1,1,1,1,1],
[-1,-1,-1,1,-1,-1,0,1,-1,1,1,-1,1,1,1,-1,1,-1,1,1,1,1,1,1,1,1,-1,1,1,1,1],
[1,-1,1,1,1,-1,0,0,-1,1,1,1,1,-1,0,-1,1,1,0,1,1,1,1,1,1,-1,-1,1,0,1,-1],
[1,-1,1,1,1,1,-1,1,-1,-1,-1,1,-1,1,1,-1,-1,1,0,-1,-1,-1,-1,1,1,1,-1,1,1,-1,1],
[1,-1,1,1,1,-1,1,1,1,1,1,1,-1,0,-1,-1,1,1,0,1,1,1,1,1,1,0,-1,1,0,1,1],
[1,-1,1,1,1,1,0,1,-1,1,1,1,1,1,0,-1,1,1,0,1,1,1,1,1,1,1,-1,1,1,1,1],
[1,1,1,1,1,-1,-1,1,-1,1,1,1,1,0,1,1,1,1,0,1,1,1,1,1,1,1,1,1,0,1,1],
[1,-1,1,1,1,-1,0,-1,-1,1,1,1,-1,-1,1,-1,1,1,0,1,1,1,1,-1,-1,-1,-1,1,1,1,-1],
[1,-1,1,1,1,-1,-1,1,-1,1,1,1,1,0,-1,-1,1,1,0,1,1,1,1,1,1,1,-1,1,0,1,1],
[1,1,1,-1,1,-1,-1,-1,-1,1,1,1,1,0,1,1,1,1,0,1,1,1,1,1,1,1,-1,1,0,1,1],
[1,-1,1,1,1,-1,-1,-1,-1,1,1,1,1,-1,-1,-1,1,1,0,1,1,1,1,-1,-1,0,-1,1,0,1,-1],
[1,-1,1,1,1,-1,-1,1,-1,1,1,1,-1,1,1,-1,1,1,0,1,1,1,1,1,1,1,-1,1,0,1,1],
[1,-1,1,1,1,-1,-1,-1,-1,1,1,1,1,-1,0,-1,1,1,0,1,1,1,1,-1,-1,1,-1,1,1,1,-1],
[1,-1,1,1,1,-1,-1,-1,1,1,1,1,-1,-1,0,-1,1,1,0,1,1,1,1,1,-1,-1,-1,-1,1,1,-1],
[1,-1,1,1,1,-1,-1,1,-1,1,1,1,1,0,0,-1,1,1,0,1,1,1,1,-1,1,1,1,-1,0,1,1],
[1,1,1,1,1,-1,-1,-1,-1,1,1,1,1,-1,-1,1,1,1,0,1,1,1,1,-1,-1,-1,-1,-1,1,1,-1],
[1,1,1,1,1,1,-1,1,-1,1,1,1,1,0,0,1,1,1,0,1,1,1,1,1,1,1,1,-1,0,1,1],
[1,-1,1,1,1,-1,0,-1,1,1,1,1,1,-1,-1,-1,1,1,0,1,1,1,1,-1,-1,0,-1,-1,0,1,-1],
[1,-1,1,1,1,-1,0,0,-1,-1,-1,1,-1,-1,-1,-1,-1,1,0,-1,-1,-1,-1,1,-1,1,-1,1,1,-1,-1],
[-1,-1,-1,1,-1,-1,-1,-1,1,-1,-1,-1,-1,-1,1,-1,-1,-1,1,-1,1,-1,-1,1,-1,1,-1,1,1,-1,-1],
[1,-1,1,1,1,-1,1,1,-1,1,1,1,1,0,1,-1,1,1,0,1,1,1,1,1,1,1,-1,1,0,1,1],
[1,-1,1,1,1,1,-1,1,-1,1,1,1,1,0,1,-1,1,1,0,1,1,1,1,1,-1,1,-1,1,1,1,1],
[1,-1,1,1,1,1,1,1,-1,1,1,1,1,1,1,-1,1,1,0,1,1,1,1,1,-1,-1,1,1,1,1,1],
[1,-1,1,1,1,-1,-1,1,-1,1,1,1,1,1,1,-1,1,1,0,1,1,1,1,1,-1,1,-1,1,1,1,1],
[1,-1,1,-1,1,-1,1,1,1,1,1,1,-1,1,1,-1,1,1,0,1,1,1,1,1,1,1,-1,1,0,1,1],
[1,-1,1,1,1,-1,-1,-1,-1,1,1,1,1,1,0,-1,1,1,0,1,1,1,1,-1,-1,1,-1,-1,0,1,-1],
[1,-1,1,1,1,-1,1,1,1,1,1,1,1,0,0,-1,1,1,0,1,1,1,1,1,1,1,1,1,0,1,1],
[1,-1,1,1,1,-1,0,0,1,1,1,1,-1,-1,-1,-1,1,1,0,1,1,1,1,1,1,-1,-1,1,0,1,-1],
[-1,-1,-1,1,-1,-1,1,1,-1,1,1,-1,-1,0,-1,-1,1,-1,1,1,1,1,1,1,-1,1,1,-1,1,1,1],
[1,-1,1,1,1,-1,1,1,1,1,1,1,-1,1,0,-1,1,1,0,1,1,1,1,1,1,-1,-1,1,0,1,1],
[1,-1,1,1,1,-1,0,1,-1,1,1,1,-1,0,1,-1,1,1,0,1,1,1,1,-1,-1,1,1,1,1,1,1],
[1,1,1,1,1,-1,-1,1,-1,1,1,1,1,0,0,1,1,1,0,1,1,1,1,1,-1,1,-1,1,0,1,1],
[1,-1,1,1,1,-1,1,1,-1,1,1,1,1,0,0,-1,1,1,0,1,1,1,1,1,-1,0,-1,1,0,1,1],
[1,-1,1,1,1,-1,-1,1,1,1,1,1,-1,-1,-1,-1,1,1,0,1,1,1,1,-1,-1,-1,-1,1,0,1,-1],
[1,-1,1,1,1,-1,1,1,-1,1,1,1,1,1,1,-1,1,1,0,1,1,1,1,1,-1,1,1,1,0,1,1],
[1,-1,1,1,1,-1,-1,-1,-1,1,1,1,-1,-1,0,-1,1,1,0,1,1,1,1,-1,-1,-1,-1,1,0,1,-1],
[1,-1,1,1,1,-1,-1,1,-1,-1,-1,1,1,0,0,-1,-1,1,0,-1,1,-1,-1,1,-1,1,-1,1,1,-1,1],
[1,-1,1,1,1,-1,0,0,1,-1,-1,1,-1,-1,0,-1,-1,1,0,-1,1,-1,-1,1,-1,0,-1,1,0,-1,-1],
[1,-1,1,1,1,-1,0,0,-1,1,1,1,1,-1,-1,-1,1,1,0,1,1,1,1,1,-1,-1,-1,1,0,1,-1],
[1,-1,1,1,1,-1,1,1,1,-1,-1,1,-1,0,0,-1,-1,1,0,-1,1,-1,-1,1,1,-1,-1,1,0,-1,1],
[1,-1,1,1,1,-1,1,1,1,1,1,1,-1,1,1,-1,1,1,0,1,1,1,1,1,1,1,-1,1,0,1,1],
[-1,1,-1,1,-1,-1,-1,1,-1,1,1,-1,1,0,0,1,1,-1,1,1,1,1,1,-1,-1,1,-1,1,1,1,1],
[1,-1,1,1,1,-1,1,1,1,1,1,1,-1,-1,0,-1,1,1,0,1,1,1,1,1,-1,-1,-1,1,1,1,-1],
[1,-1,1,1,1,-1,-1,-1,1,1,1,1,-1,1,-1,-1,1,1,0,1,1,1,1,1,1,-1,-1,1,0,1,-1],
[1,-1,1,1,1,-1,0,1,1,1,1,1,-1,0,0,-1,1,1,0,1,1,1,1,-1,-1,0,1,1,1,1,1],
[-1,-1,-1,1,-1,-1,0,1,1,1,1,-1,-1,1,1,-1,1,-1,1,1,1,1,1,1,-1,1,-1,1,1,1,1],
[1,-1,1,1,1,-1,-1,-1,-1,1,1,1,1,1,-1,-1,1,1,0,1,1,1,1,-1,1,-1,-1,-1,0,1,-1],
[1,-1,1,1,1,-1,0,0,-1,1,1,1,1,0,0,-1,1,1,0,1,1,1,1,1,-1,-1,-1,1,0,1,-1],
[1,1,1,1,1,-1,0,-1,1,1,1,1,-1,0,-1,1,1,1,0,1,1,1,1,-1,-1,0,-1,1,0,1,-1],
[1,-1,1,1,1,-1,1,1,1,1,1,1,-1,0,-1,-1,1,1,0,1,1,1,1,1,1,1,1,-1,0,1,1],
[1,-1,1,1,1,-1,0,1,-1,1,1,1,1,1,0,-1,1,1,0,1,1,1,1,-1,1,0,-1,1,0,1,1],
[1,-1,1,1,1,-1,1,1,1,1,1,1,-1,0,0,-1,1,1,0,1,1,1,1,1,1,1,1,-1,0,1,1],
[1,-1,1,1,1,1,0,-1,-1,1,1,1,1,1,-1,-1,1,1,0,1,1,1,1,-1,1,0,-1,1,0,1,1],
[1,-1,1,1,1,-1,-1,1,1,1,1,1,-1,1,-1,-1,1,1,0,1,1,1,1,1,1,-1,-1,1,0,1,1],
[-1,1,-1,1,-1,-1,-1,1,-1,1,1,-1,1,1,-1,1,1,-1,1,1,1,1,1,1,-1,1,-1,1,1,1,1],
[-1,-1,-1,1,-1,1,-1,1,-1,1,1,-1,1,1,-1,-1,1,-1,1,1,1,1,1,1,-1,1,-1,1,1,1,1],
[1,-1,1,1,1,-1,-1,-1,-1,1,1,1,1,-1,0,-1,1,1,0,1,1,1,1,-1,-1,-1,-1,1,0,1,-1],
[1,-1,1,1,1,-1,-1,-1,1,1,1,1,-1,-1,-1,-1,1,1,0,1,1,1,1,1,1,-1,-1,1,0,1,-1],
[1,-1,1,1,1,-1,-1,-1,1,1,1,1,1,0,-1,-1,1,1,0,1,1,1,1,1,-1,1,-1,1,1,1,-1],
[1,-1,1,1,1,1,1,1,-1,-1,-1,1,1,1,0,-1,-1,1,0,-1,1,-1,-1,1,-1,1,-1,1,0,-1,1],
[1,-1,1,1,1,1,0,-1,-1,1,1,1,-1,1,1,-1,1,1,0,1,1,1,1,-1,-1,1,-1,1,1,1,1],
[1,-1,1,1,1,-1,-1,1,-1,1,1,1,-1,0,-1,-1,1,1,0,1,1,1,1,1,-1,1,-1,1,0,1,1],
[-1,-1,-1,1,-1,-1,-1,1,-1,1,1,-1,1,0,0,-1,1,-1,1,1,1,1,1,1,-1,1,-1,1,1,1,1],
[1,-1,1,1,1,-1,-1,-1,1,1,1,1,1,0,0,-1,1,1,0,1,1,1,1,1,-1,1,-1,1,1,1,-1],
[-1,-1,-1,1,-1,-1,-1,1,-1,1,1,-1,1,1,1,-1,1,-1,1,1,1,1,1,1,-1,1,1,1,1,1,1],
[1,-1,1,1,1,-1,0,-1,-1,1,1,1,1,0,0,-1,1,1,0,1,1,1,1,-1,1,1,-1,1,0,1,1],
[1,-1,1,1,1,-1,0,-1,1,1,1,1,-1,-1,0,-1,1,1,0,1,1,1,1,-1,1,-1,-1,1,0,1,-1],
[1,-1,1,1,1,-1,0,0,-1,1,1,1,1,-1,-1,-1,1,1,0,1,1,1,1,1,-1,-1,-1,1,1,1,-1],
[1,-1,1,1,1,1,0,1,-1,1,1,1,1,1,1,-1,1,1,0,1,1,1,1,-1,1,1,-1,1,0,1,1],
[1,-1,1,1,1,-1,0,1,-1,1,1,1,1,1,0,-1,1,1,0,1,1,1,1,-1,1,1,-1,1,0,1,1],
[1,-1,1,1,1,-1,1,-1,1,-1,-1,1,-1,0,-1,-1,-1,1,0,-1,1,-1,-1,1,-1,1,-1,1,1,-1,-1],
[1,-1,1,1,1,-1,1,1,-1,-1,-1,1,1,1,1,-1,-1,1,0,-1,1,-1,-1,1,-1,1,-1,1,1,-1,1],
[1,1,1,1,1,-1,-1,1,-1,1,1,1,-1,1,0,1,1,1,0,1,1,1,1,-1,-1,-1,-1,1,1,1,1],
[1,-1,1,1,1,-1,-1,1,1,1,1,1,-1,0,-1,-1,1,1,0,1,1,1,1,-1,1,0,-1,-1,0,1,-1],
[1,-1,1,1,1,1,0,-1,-1,1,1,1,1,0,0,-1,1,1,0,1,1,1,1,1,1,1,-1,1,0,1,1],
[1,-1,1,1,1,-1,-1,-1,1,1,1,1,-1,0,-1,-1,1,1,0,1,1,1,1,-1,-1,0,-1,1,1,1,-1],
[1,-1,1,1,1,1,-1,1,-1,1,1,1,1,1,1,-1,1,1,0,1,1,1,1,1,1,1,-1,1,0,1,1],
[1,-1,1,1,1,-1,-1,-1,1,-1,-1,1,-1,-1,0,-1,-1,1,0,-1,1,-1,-1,-1,-1,-1,-1,1,0,-1,-1],
[-1,-1,-1,1,-1,-1,-1,1,-1,1,1,-1,1,0,0,-1,1,-1,1,1,1,1,1,-1,-1,1,1,1,1,1,1],
[1,-1,1,1,1,-1,1,-1,1,1,1,1,-1,0,1,-1,1,1,0,1,1,1,1,1,-1,1,-1,1,1,1,-1],
[1,-1,1,1,1,-1,1,-1,1,1,1,1,-1,-1,-1,-1,1,1,0,1,1,1,1,1,-1,0,-1,1,0,1,-1],
[1,-1,1,1,1,-1,-1,-1,-1,1,1,1,1,0,-1,-1,1,1,0,1,1,1,1,1,-1,-1,-1,1,1,1,-1],
[-1,-1,-1,1,-1,-1,0,-1,-1,-1,-1,-1,1,-1,1,-1,-1,-1,1,-1,1,-1,-1,-1,-1,-1,-1,1,1,-1,-1],
[1,-1,1,1,1,-1,-1,-1,1,1,1,1,-1,-1,-1,-1,1,1,0,1,1,1,1,-1,-1,-1,-1,-1,1,1,-1],
[1,-1,1,1,1,-1,0,1,-1,1,1,1,1,0,1,-1,1,1,0,1,1,1,1,-1,-1,1,-1,1,1,1,1],
[1,-1,1,1,1,-1,0,-1,1,-1,-1,1,-1,-1,0,-1,-1,1,0,-1,1,-1,-1,1,-1,0,-1,-1,1,-1,-1],
[1,-1,1,1,1,1,1,-1,-1,1,1,1,1,1,0,-1,1,1,0,1,1,1,1,1,-1,-1,-1,1,1,1,1],
[1,-1,1,1,1,1,0,1,-1,1,1,1,1,1,-1,-1,1,1,0,1,1,1,1,-1,1,0,-1,1,0,1,1],
[1,-1,1,1,1,-1,-1,-1,1,1,1,1,1,0,0,-1,1,1,0,1,1,1,1,-1,-1,1,-1,1,1,1,-1],
[1,-1,1,1,1,-1,0,0,1,1,1,1,-1,-1,0,-1,1,1,0,1,1,1,1,1,-1,-1,-1,1,0,1,-1],
[-1,-1,-1,1,-1,-1,0,1,-1,1,1,-1,1,0,-1,-1,1,-1,1,1,1,1,1,-1,-1,1,1,1,1,1,1],
[1,1,1,1,1,-1,0,0,1,1,1,1,-1,-1,0,1,1,1,0,1,1,1,1,1,-1,0,-1,1,0,1,-1],
[1,1,1,1,1,-1,0,0,-1,1,1,1,1,-1,0,1,1,1,0,1,1,1,1,1,-1,-1,-1,1,1,1,-1],
[1,1,1,1,1,1,1,1,1,-1,-1,1,-1,0,-1,1,-1,1,0,-1,-1,-1,-1,1,-1,1,1,1,1,-1,1],
[1,-1,1,1,1,-1,-1,-1,1,1,1,1,-1,0,-1,-1,1,1,0,1,1,1,1,1,1,0,-1,-1,0,1,-1],
[1,-1,1,1,1,-1,1,-1,1,1,1,1,-1,-1,-1,-1,1,1,0,1,1,1,1,1,1,-1,-1,-1,0,1,-1],
[-1,-1,-1,1,-1,-1,-1,1,-1,1,1,-1,1,0,0,-1,1,-1,1,1,1,1,1,1,-1,1,1,1,1,1,1],
[1,-1,1,1,1,-1,1,1,-1,1,1,1,1,0,-1,-1,1,1,0,1,1,1,1,-1,1,0,-1,-1,0,1,-1],
[1,-1,1,1,1,-1,0,-1,1,1,1,1,1,0,0,-1,1,1,0,1,1,1,1,1,1,1,1,1,1,1,1],
[1,-1,1,1,1,-1,0,-1,1,1,1,1,-1,-1,0,-1,1,1,0,1,1,1,1,-1,1,0,-1,1,1,1,-1],
[1,-1,1,1,1,-1,0,0,-1,1,1,1,1,-1,0,-1,1,1,0,1,1,1,1,1,1,1,-1,1,0,1,-1],
[1,-1,1,1,1,-1,-1,1,-1,1,1,1,1,1,0,-1,1,1,0,1,1,1,1,1,1,1,-1,1,1,1,1],
[1,1,1,-1,1,-1,-1,-1,-1,1,1,1,-1,-1,0,1,1,1,0,1,1,1,1,-1,1,-1,-1,1,0,1,-1],
[1,-1,1,1,1,-1,-1,1,1,1,1,1,1,1,0,-1,1,1,0,1,1,1,1,1,1,1,-1,1,0,1,1],
[1,1,1,1,1,-1,1,1,-1,-1,-1,1,1,0,1,1,-1,1,0,-1,-1,-1,-1,1,1,0,-1,1,1,-1,1],
[1,-1,1,1,1,-1,-1,-1,1,1,1,1,-1,0,-1,-1,1,1,0,1,1,1,1,1,1,0,-1,1,1,1,-1],
[-1,-1,-1,1,-1,-1,-1,-1,-1,-1,-1,-1,-1,-1,1,-1,-1,-1,1,-1,-1,-1,-1,1,-1,1,-1,1,1,-1,-1],
[1,-1,1,1,1,-1,-1,-1,-1,1,1,1,1,-1,0,-1,1,1,0,1,1,1,1,-1,-1,0,-1,1,1,1,-1],
[1,-1,1,1,1,-1,-1,1,-1,1,1,1,1,0,1,-1,1,1,0,1,1,1,1,1,-1,-1,1,1,1,1,1],
[1,-1,1,1,1,-1,1,-1,1,1,1,1,-1,-1,-1,-1,1,1,0,1,1,1,1,1,-1,-1,-1,1,0,1,-1],
[1,-1,1,1,1,-1,1,-1,1,1,1,1,-1,-1,1,-1,1,1,0,1,1,1,1,1,-1,-1,-1,1,1,1,-1],
[1,-1,1,1,1,-1,-1,1,1,-1,-1,1,-1,0,-1,-1,-1,1,0,-1,1,-1,-1,-1,-1,0,-1,1,0,-1,-1],
[1,-1,1,1,1,-1,-1,-1,-1,1,1,1,1,0,-1,-1,1,1,0,1,1,1,1,-1,1,0,1,1,0,1,-1],
[1,-1,1,1,1,-1,-1,1,-1,-1,-1,1,-1,0,1,-1,-1,1,0,-1,1,-1,-1,-1,-1,0,-1,1,0,-1,-1],
[1,-1,1,1,1,-1,1,1,1,1,1,1,-1,1,0,-1,1,1,0,1,1,1,1,1,1,1,1,1,0,1,1],
[-1,-1,-1,1,-1,-1,0,1,-1,1,1,-1,1,0,0,-1,1,-1,1,1,1,1,1,1,-1,1,-1,1,1,1,1],
[1,1,1,1,1,-1,0,-1,-1,1,1,1,1,0,0,1,1,1,0,1,1,1,1,-1,1,1,-1,1,0,1,1],
[1,-1,1,1,1,-1,0,-1,1,-1,-1,1,-1,-1,0,-1,-1,1,0,-1,1,-1,-1,-1,-1,-1,-1,1,0,-1,-1],
[1,-1,1,1,1,1,0,1,-1,-1,-1,1,-1,1,1,-1,-1,1,0,-1,1,-1,-1,-1,-1,1,-1,1,1,-1,1],
[1,-1,1,1,1,-1,-1,1,-1,1,1,1,-1,0,0,-1,1,1,0,1,1,1,1,-1,-1,0,-1,1,0,1,-1],
[1,-1,1,1,1,-1,-1,1,-1,1,1,1,1,0,0,-1,1,1,0,1,1,1,1,1,1,1,1,1,0,1,1],
[1,-1,1,1,1,-1,0,0,1,1,1,1,-1,0,0,-1,1,1,0,1,1,1,1,1,-1,-1,1,-1,1,1,-1],
[1,-1,1,1,1,-1,0,0,-1,1,1,1,-1,-1,0,-1,1,1,0,1,1,1,1,1,-1,-1,-1,-1,0,1,-1],
[1,-1,1,-1,1,-1,-1,1,1,1,1,1,-1,1,1,-1,1,1,0,1,1,1,1,-1,1,1,-1,-1,0,1,1],
[-1,-1,-1,1,-1,-1,-1,1,-1,1,1,-1,1,0,0,-1,1,-1,1,1,1,1,1,1,-1,1,-1,1,1,1,1],
[-1,-1,-1,1,-1,-1,-1,1,-1,1,1,-1,1,0,-1,-1,1,-1,1,1,1,1,1,1,-1,1,-1,1,1,1,1],
[1,-1,1,1,1,-1,0,0,-1,1,1,1,-1,0,0,-1,1,1,0,1,1,1,1,1,-1,0,-1,1,1,1,-1],
[1,-1,1,1,1,-1,1,1,-1,-1,-1,1,1,0,-1,-1,-1,1,0,-1,1,-1,-1,1,1,1,1,1,1,-1,1],
[1,-1,1,1,1,-1,0,1,-1,1,1,1,1,0,1,-1,1,1,0,1,1,1,1,-1,1,1,-1,1,0,1,1],
[1,1,1,1,1,-1,0,-1,-1,-1,-1,1,1,1,-1,1,-1,1,0,-1,1,-1,-1,-1,1,1,-1,1,1,-1,1],
[1,-1,1,1,1,-1,-1,-1,1,1,1,1,-1,0,0,-1,1,1,0,1,1,1,1,-1,-1,-1,1,1,1,1,-1],
[1,-1,1,1,1,-1,0,1,-1,1,1,1,1,1,0,-1,1,1,0,1,1,1,1,-1,1,1,1,1,0,1,1],
[1,1,1,1,1,-1,-1,-1,-1,1,1,1,1,-1,0,1,1,1,0,1,1,1,1,-1,-1,-1,-1,1,0,1,-1],
[1,-1,1,1,1,1,-1,1,1,1,1,1,-1,0,1,-1,1,1,0,1,1,1,1,-1,1,-1,-1,1,1,1,1],
[1,-1,1,1,1,-1,1,1,-1,1,1,1,1,0,0,-1,1,1,0,1,1,1,1,1,1,1,1,1,0,1,1],
[1,-1,1,1,1,-1,0,1,1,1,1,1,-1,1,1,-1,1,1,0,1,1,1,1,-1,1,1,-1,1,0,1,1],
[1,-1,1,1,1,-1,-1,-1,1,1,1,1,-1,-1,-1,-1,1,1,0,1,1,1,1,-1,-1,0,-1,1,0,1,-1],
[1,-1,1,1,1,1,-1,1,-1,1,1,1,1,0,0,-1,1,1,0,1,1,1,1,1,1,1,-1,1,0,1,1],
[1,-1,1,1,1,-1,0,1,-1,1,1,1,1,0,0,-1,1,1,0,1,1,1,1,-1,1,1,-1,1,0,1,1],
[1,-1,1,-1,1,-1,0,-1,-1,1,1,1,1,-1,0,-1,1,1,0,1,1,1,1,-1,1,-1,-1,-1,1,1,-1],
[1,-1,1,1,1,-1,-1,-1,-1,1,1,1,1,0,0,-1,1,1,0,1,1,1,1,1,1,0,-1,-1,0,1,-1],
[1,1,1,1,1,-1,0,-1,-1,1,1,1,1,0,1,1,1,1,0,1,1,1,1,1,1,1,-1,1,0,1,1],
[-1,-1,-1,1,-1,1,-1,1,-1,1,1,-1,1,1,-1,-1,1,-1,1,1,1,1,1,1,1,1,-1,1,1,1,1],
[1,-1,1,1,1,-1,0,1,1,1,1,1,-1,0,-1,-1,1,1,0,1,1,1,1,-1,1,1,-1,1,0,1,1],
[1,-1,1,1,1,1,0,1,1,1,1,1,-1,0,-1,-1,1,1,0,1,1,1,1,1,1,1,1,1,1,1,1],
[1,1,1,1,1,1,1,1,-1,-1,-1,1,1,1,1,1,-1,1,0,-1,1,-1,-1,1,-1,1,1,1,1,-1,1],
[1,-1,1,1,1,-1,-1,-1,-1,1,1,1,-1,0,0,-1,1,1,0,1,1,1,1,-1,1,1,-1,-1,0,1,-1],
[1,1,1,1,1,-1,0,0,-1,1,1,1,1,-1,-1,1,1,1,0,1,1,1,1,1,-1,-1,-1,-1,1,1,-1],
[-1,1,-1,1,-1,1,1,1,-1,1,1,-1,1,0,0,1,1,-1,1,1,1,1,1,1,-1,1,-1,1,1,1,1],
[1,-1,1,1,1,-1,-1,-1,1,1,1,1,-1,0,-1,-1,1,1,0,1,1,1,1,1,1,1,-1,1,0,1,1],
[1,1,1,1,1,-1,1,1,-1,1,1,1,1,1,1,1,1,1,0,1,1,1,1,1,1,1,-1,1,0,1,1],
[-1,-1,-1,1,-1,-1,1,-1,1,-1,-1,-1,-1,-1,1,-1,-1,-1,1,-1,1,-1,-1,-1,-1,-1,-1,-1,1,-1,-1],
[1,1,1,1,1,-1,-1,-1,-1,1,1,1,1,0,0,1,1,1,0,1,1,1,1,-1,1,0,-1,-1,0,1,-1],
[1,1,1,1,1,-1,0,0,-1,-1,-1,1,1,-1,1,1,-1,1,0,-1,1,-1,-1,1,1,-1,-1,-1,0,-1,-1],
[1,-1,1,1,1,1,0,-1,1,1,1,1,-1,0,0,-1,1,1,0,1,1,1,1,1,-1,1,-1,-1,1,1,1],
[1,-1,1,1,1,-1,0,0,1,-1,-1,1,-1,0,0,-1,-1,1,0,-1,-1,-1,-1,1,1,-1,-1,-1,0,-1,-1],
[1,-1,1,1,1,-1,-1,-1,-1,-1,-1,1,-1,-1,1,-1,-1,1,0,-1,-1,-1,-1,-1,1,-1,-1,-1,0,-1,-1],
[1,-1,1,1,1,-1,-1,-1,-1,1,1,1,-1,0,0,-1,1,1,0,1,1,1,1,-1,1,1,-1,-1,0,1,-1],
[1,-1,1,1,1,-1,-1,1,-1,1,1,1,1,1,0,-1,1,1,0,1,1,1,1,1,-1,1,1,1,1,1,1],
[1,-1,1,1,1,1,0,1,-1,1,1,1,1,0,0,-1,1,1,0,1,1,1,1,1,1,1,1,1,0,1,1],
[1,-1,1,1,1,-1,-1,1,-1,1,1,1,1,0,-1,-1,1,1,0,1,1,1,1,-1,1,1,-1,1,0,1,1],
[1,-1,1,1,1,-1,1,-1,1,1,1,1,1,0,-1,-1,1,1,0,1,1,1,1,-1,-1,1,-1,-1,0,1,-1],
[1,-1,1,1,1,-1,-1,-1,1,1,1,1,-1,-1,-1,-1,1,1,0,1,1,1,1,-1,-1,1,-1,1,0,1,-1],
[1,-1,1,1,1,-1,0,-1,-1,1,1,1,1,1,0,-1,1,1,0,1,1,1,1,1,-1,1,1,1,0,1,1],
[1,1,1,1,1,-1,-1,1,-1,1,1,1,1,0,1,1,1,1,0,1,1,1,1,1,-1,0,-1,-1,1,1,-1],
[1,-1,1,-1,1,-1,1,1,-1,1,1,1,1,1,1,-1,1,1,0,1,1,1,1,1,-1,1,-1,1,0,1,1],
[1,-1,1,1,1,-1,0,1,-1,1,1,1,1,0,-1,-1,1,1,0,1,1,1,1,-1,-1,1,1,1,1,1,1],
[1,-1,1,1,1,-1,-1,1,-1,-1,-1,1,1,0,0,-1,-1,1,0,-1,-1,-1,-1,1,-1,1,-1,1,1,-1,1],
[1,-1,1,1,1,-1,0,1,-1,1,1,1,1,0,-1,-1,1,1,0,1,1,1,1,1,-1,0,-1,1,0,1,-1],
[1,-1,1,1,1,-1,1,1,-1,1,1,1,-1,0,0,-1,1,1,0,1,1,1,1,1,1,1,-1,1,0,1,1],
[1,-1,1,1,1,-1,-1,-1,-1,1,1,1,-1,-1,1,-1,1,1,0,1,1,1,1,-1,-1,-1,-1,1,1,1,-1],
[1,-1,1,1,1,-1,-1,-1,-1,1,1,1,-1,0,-1,-1,1,1,0,1,1,1,1,1,-1,1,-1,1,1,1,-1],
[1,1,1,1,1,-1,0,1,-1,-1,-1,1,1,0,0,1,-1,1,0,-1,1,-1,-1,-1,1,1,-1,1,1,-1,1],
[1,1,1,1,1,-1,0,0,-1,1,1,1,1,-1,0,1,1,1,0,1,1,1,1,1,-1,-1,-1,1,0,1,-1],
[1,-1,1,1,1,-1,-1,1,-1,1,1,1,-1,0,-1,-1,1,1,0,1,1,1,1,1,1,1,1,1,0,1,1],
[1,-1,1,1,1,-1,-1,-1,1,1,1,1,-1,0,0,-1,1,1,0,1,1,1,1,-1,-1,-1,-1,1,0,1,-1],
[1,-1,1,1,1,-1,-1,-1,-1,1,1,1,-1,-1,-1,-1,1,1,0,1,1,1,1,1,-1,-1,-1,1,0,1,-1],
[1,-1,1,1,1,-1,0,-1,1,1,1,1,-1,-1,-1,-1,1,1,0,1,1,1,1,-1,-1,-1,-1,1,0,1,-1],
[1,-1,1,1,1,-1,-1,1,-1,1,1,1,-1,1,1,-1,1,1,0,1,1,1,1,1,1,1,1,1,0,1,1],
[1,-1,1,1,1,-1,1,-1,-1,1,1,1,1,0,1,-1,1,1,0,1,1,1,1,1,-1,0,-1,1,0,1,-1],
];

// result for instant use
$dont = [2,6,8,9,12,13,14,15,16,18,19,20,21,22,26,28,29,30];

$res = [];
// echo count($data[0]);
for ($i=0; $i<count($data); $i++){
  $arr = [];
  for ($j=0; $j<count($data[$i]); $j++){
    if (!in_array($j, $dont)) {
      array_push($arr,$data[$i][$j]);
    }

    if ($j == 30){
      array_push($res,$data[$i][30]);
    }
    
  }

  echo "[";
  for ($l=0; $l<count($arr); $l++){
    if ($l < (count($arr)-1)){
      echo $arr[$l].", ";
    } else {
      echo $arr[$l];
    }
    
  }
  echo "],\n";
}

echo "\n\n";
  echo "[";
  for ($m=0; $m<count($res); $m++){
    if ($m < (count($res)-1)){
      echo $res[$m].", ";
    } else {
      echo $res[$m];
    }
    
  }
  echo "]\n";


// result for data set
$dont = [2,6,8,9,12,13,14,15,16,18,19,20,21,22,26,28,29];

$res = [];
// echo count($data[0]);
for ($i=0; $i<count($data); $i++){
  $arr = [];
  for ($j=0; $j<count($data[$i]); $j++){
    if (!in_array($j, $dont)) {
      array_push($arr,$data[$i][$j]);
    }
    
  }

  echo "";
  for ($l=0; $l<count($arr); $l++){
    if ($l < (count($arr)-1)){
      echo $arr[$l].", ";
    } else {
      echo $arr[$l];
    }
    
  }
  echo "\n";
}